[1057,277]
[987,236]
[887,208]
[869,212]
[894,231]
[571,149]
[543,109]
[653,78]
[678,117]
[886,143]
[1078,221]
[785,143]
[1028,231]
[1084,258]
[1133,346]
[1032,307]
[1172,386]
[1168,397]
[1002,312]
[1047,288]
[791,237]
[1144,496]
[1044,402]
[895,304]
[933,308]
[1015,361]
[1129,458]
[1255,470]
[1156,431]
[1235,433]
[1206,176]
[1256,245]
[1272,394]
[1263,107]
[1245,47]
[1251,154]
[1230,102]
[1226,176]
[1213,79]
[1167,46]
[1080,22]
[1112,44]
[1120,67]
[1209,133]
[1173,140]
[1157,169]
[1189,291]
[1050,179]
[1006,158]
[954,158]
[708,59]
[775,63]
[982,97]
[932,113]
[1017,119]
[1025,68]
[1073,108]
[1056,140]
[886,119]
[1127,173]
[1094,89]
[1091,34]
[954,33]
[942,61]
[1003,66]
[1008,86]
[873,63]
[793,25]
[1096,11]
[731,8]
[385,32]
[654,229]
[478,137]
[613,287]
[691,279]
[679,249]
[685,217]
[865,348]
[794,346]
[689,291]
[799,383]
[937,472]
[795,362]
[874,387]
[907,373]
[961,426]
[937,520]
[310,99]
[321,133]
[459,211]
[373,203]
[316,188]
[269,154]
[271,123]
[135,131]
[133,86]
[143,98]
[333,45]
[7,83]
[15,285]
[29,195]
[71,97]
[53,217]
[188,149]
[184,134]
[381,245]
[549,304]
[447,222]
[513,259]
[900,509]
[916,536]
[847,541]
[627,376]
[577,376]
[606,337]
[310,238]
[316,266]
[437,351]
[360,282]
[397,276]
[470,332]
[766,484]
[788,509]
[775,516]
[528,402]
[524,453]
[493,442]
[432,452]
[687,514]
[544,442]
[844,557]
[749,567]
[363,525]
[388,537]
[549,578]
[559,553]
[616,591]
[861,575]
[779,591]
[810,605]
[399,602]
[206,573]
[434,589]
[315,566]
[219,537]
[260,492]
[362,510]
[428,503]
[658,536]
[725,532]
[365,478]
[255,482]
[490,397]
[506,431]
[508,366]
[427,366]
[336,314]
[335,345]
[373,421]
[143,432]
[83,454]
[106,470]
[263,447]
[219,514]
[65,478]
[83,414]
[265,421]
[244,395]
[173,385]
[55,402]
[72,306]
[217,219]
[175,285]
[89,328]
[71,373]
[191,291]
[210,261]
[248,309]
[226,295]
[169,350]
[109,357]
[225,365]
[311,417]
[272,382]
[252,186]
[182,171]
[22,344]
[17,449]
[33,582]
[76,591]
[139,580]
[115,541]
[250,608]
[365,629]
[559,620]
[1118,625]
[1083,470]
[1100,612]
[1019,417]
[657,189]
