900
232
384
161
908
256
1225
428
1085
334
1110
248
1227
324
1051
116
1085
204
879
157
59
105
1
600
32
75
193
37
789
5
729
117
877
34
938
11
1143
61
909
68
1102
72
1227
206
1271
166
1240
270
1111
141
1263
336
1215
340
1253
451
1242
543
1225
450
963
331
1196
451
719
274
905
408
1223
517
1207
596
640
342
493
271
472
222
472
185
386
178
376
188
406
261
482
323
662
432
880
549
828
470
906
475
936
495
1010
574
644
602
590
558
145
307
184
489
178
345
388
472
306
452
327
560
431
553
498
583
281
612
128
620
117
256
183
198
325
280
263
319
498
480
665
464
190
140
610
161
