[730,525]
[459,431]
[368,362]
[309,389]
[277,299]
[163,529]
[181,466]
[167,184]
[32,258]
[1,563]
[413,622]
[175,567]
[217,521]
[282,571]
[261,348]
[307,594]
[612,585]
[619,568]
[723,596]
[774,630]
[1025,576]
[791,608]
[632,541]
[509,515]
[596,519]
[864,572]
[985,435]
[1129,493]
[1198,462]
[1198,416]
[1038,358]
[865,400]
[805,347]
[793,286]
[1120,257]
[954,324]
[1240,316]
[1223,395]
[1237,469]
[1278,53]
[1075,54]
[710,37]
[664,24]
[488,39]
[553,69]
[87,25]
[516,241]
[736,210]
[1043,100]
[848,110]
[530,192]
[408,114]
[1192,61]
[901,216]
[954,224]
[1153,211]
[674,278]
[938,189]
[471,271]
[594,318]
[759,352]
[826,423]
[600,370]
[407,257]
[221,172]
[497,250]
[157,129]
[197,232]
[640,409]
[323,314]
