[240,258]
[307,236]
[320,214]
[208,229]
[159,231]
[154,200]
[119,200]
[112,220]
[89,184]
[115,153]
[60,167]
[86,384]
[105,323]
[117,400]
[127,350]
[142,344]
[161,433]
[165,532]
[140,385]
[90,438]
[35,285]
[39,425]
[73,525]
[19,568]
[33,611]
[100,557]
[104,512]
[53,419]
[183,597]
[182,446]
[157,319]
[97,312]
[286,267]
[453,275]
[419,291]
[252,284]
[460,319]
[452,340]
[813,434]
[644,413]
[429,361]
[303,377]
[274,343]
[300,366]
[325,359]
[285,319]
[251,344]
[292,402]
[335,408]
[270,412]
[231,363]
[227,438]
[241,459]
[493,440]
[507,400]
[350,436]
[474,393]
[303,429]
[382,405]
[292,390]
[506,385]
[680,496]
[663,499]
[593,465]
[515,489]
[595,484]
[486,506]
[413,501]
[378,487]
[424,486]
[451,493]
[528,446]
[213,483]
[414,537]
[630,492]
[481,542]
[676,524]
[851,496]
[889,464]
[853,458]
[743,489]
[702,448]
[870,433]
[734,403]
[1091,461]
[1082,536]
[1033,535]
[1022,473]
[1024,557]
[856,544]
[831,552]
[877,555]
[901,593]
[758,594]
[617,570]
[542,589]
[607,604]
[371,604]
[243,535]
[390,587]
[745,543]
[987,521]
[1010,507]
[511,555]
[429,552]
[194,498]
[297,609]
[364,622]
[1259,630]
[1191,620]
[1263,520]
[1088,565]
[1190,608]
[772,613]
[957,599]
[1180,512]
[1189,277]
[1170,219]
[1142,213]
[1125,494]
[1099,54]
[1109,42]
[1236,68]
[1223,85]
[1227,224]
[1202,332]
[1260,366]
[1277,301]
[1248,74]
[1235,28]
[976,30]
[1159,9]
[1096,3]
[922,4]
[852,19]
[848,34]
[1038,71]
[1033,59]
[990,53]
[1077,36]
[1091,251]
[1052,270]
[1027,180]
[1040,303]
[967,333]
[1104,321]
[954,347]
[645,258]
[810,329]
[823,350]
[260,168]
[468,204]
[217,133]
[253,135]
[446,149]
[746,219]
[392,155]
[502,181]
[415,178]
[975,281]
[1008,310]
[987,191]
[876,167]
[847,144]
[843,155]
[787,169]
[702,153]
[646,130]
[704,140]
[716,145]
[716,120]
[613,112]
[500,112]
[704,167]
[977,219]
[576,158]
[380,62]
[293,46]
[308,39]
[427,21]
[373,48]
[467,81]
[453,91]
[735,106]
[1048,170]
[1077,210]
[1068,134]
[901,100]
[1037,112]
[763,63]
[1042,85]
[484,2]
[996,137]
[408,3]
[1,97]
[974,412]
[597,330]
[557,323]
[579,365]
[449,253]
