[639,480]
[681,569]
[471,508]
[370,545]
[609,580]
[965,603]
[681,539]
[664,491]
[916,427]
[1092,355]
[943,390]
[1102,342]
[1215,333]
[909,487]
[899,448]
[699,504]
[817,523]
[1170,441]
[1100,440]
[1172,414]
[1243,356]
[1270,162]
[1275,351]
[1190,618]
[1177,560]
[1199,497]
[985,622]
[743,627]
[798,603]
[492,627]
[228,610]
[640,340]
[655,296]
[420,342]
[432,351]
[583,320]
[290,472]
[245,532]
[238,381]
[452,298]
[506,268]
[707,185]
[740,217]
[774,303]
[574,251]
[785,335]
[694,343]
[596,424]
[801,375]
[954,301]
[804,343]
[774,176]
[684,143]
[440,107]
[679,188]
[662,193]
[594,165]
[548,167]
[411,235]
[333,333]
[265,354]
[299,275]
[425,169]
[299,188]
[182,371]
[141,492]
[293,204]
[325,204]
[124,559]
[40,333]
[139,167]
[89,231]
[58,257]
[14,87]
[52,150]
[106,83]
[188,18]
[161,130]
[126,416]
[372,8]
[883,32]
[1215,5]
[970,50]
[640,44]
[928,198]
[925,258]
[770,148]
[914,299]
[1124,183]
[1156,101]
[1063,95]
[1099,178]
[980,215]
[963,158]
[753,76]
[953,67]
[1196,73]
[1257,208]
[1229,262]
[473,488]
