[1126,26]
[937,88]
[1147,55]
[791,154]
[333,410]
[465,305]
[965,45]
[423,275]
[448,229]
[583,141]
[640,113]
[309,67]
[339,48]
[135,63]
[142,94]
[477,102]
[415,164]
[236,159]
[231,189]
[267,219]
[343,205]
[148,287]
[154,200]
[85,160]
[80,182]
[105,316]
[120,255]
[202,455]
[162,318]
[189,352]
[306,305]
[368,235]
[580,116]
[332,299]
[344,310]
[241,436]
[632,355]
[448,418]
[681,360]
[305,482]
[383,491]
[730,365]
[848,209]
[665,279]
[761,290]
[609,318]
[410,398]
[936,123]
[967,141]
[913,168]
[661,457]
[754,402]
[852,393]
[693,467]
[521,529]
[543,445]
[363,560]
[386,609]
[747,604]
[1109,368]
[1065,378]
[712,575]
[1191,195]
[932,299]
[893,221]
[1071,150]
[1183,46]
[1206,57]
[1253,615]
[1238,567]
[1149,411]
[1165,511]
[1206,549]
[1202,612]
[1119,517]
[1139,458]
[1029,443]
[1002,488]
[1101,559]
[1142,553]
[1133,588]
[950,519]
[956,490]
[999,466]
[944,480]
[802,626]
[48,626]
[322,529]
[183,540]
[77,439]
[279,517]
[183,459]
[101,405]
[19,206]
[46,20]
[633,5]
[227,36]
[401,29]
[571,47]
[794,4]
