[1128,280]
[1097,293]
[1067,249]
[972,290]
[808,170]
[883,180]
[1064,110]
[1081,144]
[1087,86]
[1017,102]
[914,62]
[650,49]
[809,229]
[849,270]
[902,299]
[1132,316]
[1257,86]
[1268,202]
[1270,617]
[1217,272]
[1194,261]
[990,583]
[554,624]
[260,620]
[900,531]
[845,515]
[655,464]
[839,500]
[810,452]
[647,437]
[480,471]
[576,538]
[633,562]
[124,518]
[182,511]
[96,477]
[308,441]
[553,421]
[968,437]
[421,348]
[156,356]
[137,192]
[65,140]
[85,107]
[167,84]
[242,7]
[407,186]
[275,19]
[621,255]
[541,288]
[750,367]
[443,312]
[295,242]
[233,144]
[407,291]
[437,269]
[302,101]
[180,142]
[267,302]
[551,354]
[1031,416]
[746,255]
[626,121]
[633,180]
[817,360]
[375,31]
[634,26]
[939,47]
[1176,77]
[1188,100]
