[658,438]
[444,352]
[632,398]
[877,490]
[981,446]
[952,543]
[620,462]
[747,537]
[67,241]
[560,536]
[725,586]
[531,572]
[506,510]
[416,513]
[385,548]
[468,579]
[229,540]
[209,527]
[47,346]
[167,384]
[202,478]
[252,391]
[11,296]
[21,451]
[44,541]
[106,620]
[1129,626]
[1033,600]
[1063,389]
[1017,292]
[1097,277]
[1074,548]
[1133,301]
[1120,265]
[1051,228]
[1017,239]
[937,356]
[993,360]
[892,376]
[895,358]
[880,330]
[816,302]
[652,280]
[789,344]
[821,387]
[1013,422]
[783,416]
[574,364]
[596,288]
[656,187]
[488,239]
[476,329]
[374,171]
[259,157]
[366,128]
[530,137]
[496,196]
[557,165]
[622,156]
[684,176]
[841,277]
[1058,177]
[1149,198]
[1179,242]
[1210,488]
[1263,192]
[1235,41]
[1239,161]
[1026,142]
[870,155]
[877,96]
[935,35]
[1231,126]
[1159,64]
[1089,31]
[922,6]
[452,1]
[119,48]
[46,5]
[17,38]
[32,84]
[184,104]
[257,83]
[340,75]
[407,44]
[827,12]
[628,94]
[766,176]
[689,80]
[855,247]
[462,50]
[137,143]
[327,225]
[198,231]
[33,179]
[111,230]
[353,333]
[380,277]
[381,235]
[449,403]
