[180,82]
[300,150]
[289,149]
[621,297]
[625,323]
[598,322]
[471,242]
[378,259]
[406,296]
[321,320]
[413,416]
[443,467]
[423,471]
[368,434]
[398,423]
[221,331]
[212,311]
[258,161]
[223,153]
[167,238]
[188,327]
[287,423]
[287,443]
[330,473]
[312,422]
[294,412]
[342,409]
[398,561]
[510,470]
[575,476]
[477,452]
[587,449]
[485,419]
[386,371]
[605,380]
[827,420]
[770,419]
[897,479]
[695,412]
[754,453]
[757,487]
[690,461]
[610,406]
[557,417]
[600,439]
[624,496]
[506,491]
[526,517]
[581,518]
[900,491]
[788,580]
[972,454]
[793,399]
[391,315]
[755,350]
[995,384]
[611,257]
[449,154]
[490,150]
[513,174]
[530,156]
[412,87]
[308,70]
[301,102]
[316,107]
[313,94]
[472,177]
[141,61]
[97,117]
[5,44]
[123,32]
[666,59]
[753,21]
[322,16]
[27,6]
[1217,8]
[1192,54]
[1071,27]
[893,32]
[826,20]
[890,88]
[829,92]
[737,70]
[719,97]
[776,130]
[888,130]
[904,95]
[1000,70]
[962,45]
[980,40]
[1220,76]
[1033,61]
[970,114]
[884,147]
[842,143]
[918,203]
[783,230]
[717,192]
[627,89]
[684,146]
[709,125]
[647,77]
[489,79]
[630,170]
[565,96]
[738,236]
[843,259]
[903,254]
[896,284]
[942,271]
[986,221]
[988,197]
[830,236]
[1005,181]
[1128,191]
[1065,226]
[1042,208]
[963,281]
[1051,276]
[1080,243]
[1152,249]
[1068,336]
[1006,337]
[1073,285]
[943,301]
[780,278]
[425,61]
[743,289]
[1163,389]
[1180,347]
[1102,350]
[1122,341]
[1204,239]
[1175,261]
[1164,258]
[1157,153]
[1050,160]
[1185,140]
[1118,120]
[1068,120]
[1117,133]
[877,162]
[1070,85]
[1144,96]
[1274,91]
[1207,365]
[1273,220]
[1277,378]
[1251,319]
[1236,325]
[1222,374]
[1245,483]
[1280,449]
[1235,583]
[1194,556]
[1170,622]
[1016,563]
[1002,628]
[950,595]
[967,550]
[1004,548]
[1121,587]
[1220,296]
[1139,478]
[875,550]
[838,590]
[700,600]
[941,608]
[860,619]
[180,622]
[556,582]
[607,591]
[787,538]
[330,571]
[400,580]
[23,616]
[162,563]
[234,564]
[229,545]
[324,550]
[339,527]
[282,520]
[32,547]
[44,448]
[9,590]
[6,315]
[25,75]
[25,378]
[55,450]
[98,295]
[55,295]
[113,223]
[146,331]
[111,294]
[73,447]
[48,478]
[370,514]
[221,474]
[175,414]
[142,255]
