[90,380]
[261,437]
[190,400]
[123,331]
[177,356]
[208,335]
[317,373]
[258,400]
[328,392]
[336,355]
[311,153]
[252,262]
[267,268]
[269,338]
[321,320]
[268,347]
[207,282]
[158,328]
[189,241]
[266,105]
[217,235]
[300,123]
[362,120]
[402,140]
[327,154]
[375,326]
[400,462]
[416,57]
[438,112]
[444,219]
[417,382]
[423,404]
[539,423]
[512,406]
[480,408]
[517,391]
[600,436]
[637,467]
[536,462]
[452,445]
[475,464]
[636,506]
[693,410]
[664,430]
[645,404]
[591,376]
[562,385]
[494,332]
[910,449]
[718,376]
[1170,511]
[1018,518]
[1161,524]
[979,541]
[949,514]
[847,484]
[710,403]
[926,564]
[507,536]
[696,560]
[665,579]
[1070,564]
[1056,593]
[953,605]
[607,597]
[301,580]
[193,546]
[167,575]
[117,512]
[366,556]
[464,552]
[291,518]
[361,512]
[807,544]
[776,512]
[768,449]
[657,530]
[108,421]
[134,452]
[176,465]
[214,452]
[230,528]
[145,504]
[58,348]
[89,221]
[173,141]
[34,220]
[64,522]
[23,244]
[30,33]
[68,180]
[151,79]
[198,114]
[190,36]
[100,12]
[18,14]
[12,290]
[51,582]
[80,604]
[72,456]
[101,556]
[153,584]
[215,600]
[670,619]
[1216,611]
[1190,577]
[1243,535]
[1267,405]
[1184,220]
[1175,247]
[1240,386]
[1213,339]
[1202,419]
[1145,492]
[627,338]
[525,283]
[603,255]
[581,258]
[510,220]
[483,254]
[517,264]
[439,297]
[520,108]
[818,266]
[638,202]
[853,317]
[984,375]
[859,302]
[838,264]
[579,123]
[880,273]
[969,340]
[1035,412]
[807,363]
[834,329]
[665,230]
[643,247]
[609,227]
[662,317]
[690,248]
[703,272]
[667,337]
[1107,451]
[1172,305]
[1145,240]
[1171,209]
[1192,202]
[1252,318]
[1270,196]
[1242,178]
[1214,43]
[1195,44]
[1173,70]
[1162,110]
[1194,88]
[1234,209]
[1111,86]
[1123,59]
[1208,19]
[987,43]
[1006,3]
[916,7]
[849,43]
[987,78]
[1025,138]
[998,152]
[935,119]
[906,81]
[689,34]
[857,23]
[802,5]
[625,17]
[611,47]
[712,113]
[831,156]
[954,163]
[668,45]
[870,87]
[962,151]
[975,179]
[952,239]
[776,175]
[553,62]
[554,83]
[897,247]
[984,275]
[1035,179]
[1052,45]
[1121,156]
[1094,171]
[1077,260]
[1027,242]
[1078,331]
[1114,332]
[1137,161]
[1124,368]
[368,8]
[248,55]
[86,309]
[189,181]
