[1259,4]
[1034,17]
[893,84]
[267,76]
[271,50]
[516,1]
[16,44]
[38,62]
[95,60]
[102,87]
[988,106]
[1058,34]
[1136,54]
[1200,140]
[1130,168]
[1057,152]
[1115,253]
[1152,276]
[1089,175]
[1181,207]
[1201,273]
[1190,320]
[1133,333]
[1156,315]
[1027,273]
[1096,287]
[974,184]
[1039,116]
[373,240]
[489,190]
[370,159]
[458,156]
[580,190]
[827,130]
[636,113]
[461,119]
[259,155]
[179,227]
[192,261]
[275,199]
[376,222]
[260,312]
[153,330]
[97,317]
[107,209]
[158,205]
[337,95]
[120,109]
[42,150]
[1,204]
[24,546]
[38,241]
[57,358]
[188,360]
[329,333]
[607,322]
[470,353]
[446,373]
[235,382]
[81,432]
[466,427]
[590,404]
[848,488]
[451,440]
[306,487]
[498,497]
[422,508]
[410,529]
[340,522]
[112,453]
[92,530]
[213,612]
[707,524]
[421,471]
[835,512]
[809,584]
[875,468]
[944,563]
[919,602]
[403,590]
[501,616]
[1023,618]
[956,593]
[977,581]
[998,494]
[782,399]
[831,352]
[794,190]
[635,412]
[691,291]
[727,241]
[339,260]
[913,159]
[1177,493]
[1148,496]
[995,410]
[1050,475]
[1224,602]
[1245,430]
[1177,558]
