1270
77
1272
417
1236
501
1248
429
1254
128
594
112
872
92
552
99
321
207
271
360
482
186
491
200
457
321
730
244
575
261
645
160
638
128
884
166
815
286
595
380
604
361
430
468
530
483
364
525
402
468
259
590
820
548
534
450
927
329
745
364
757
329
847
341
904
309
952
252
902
127
1004
134
1095
215
1052
357
1006
173
915
453
1109
481
780
485
1044
562
1195
579
1180
492
1147
417
1132
476
1090
243
1189
254
1227
621
476
626
97
597
80
541
159
38
1
556
21
143
67
67
100
29
217
3
126
542
186
493
204
204
224
505
253
108
463
10
742
2
791
12
711
28
1102
1
1202
17
