[276,12]
[675,130]
[476,148]
[537,329]
[756,397]
[622,317]
[813,371]
[1116,392]
[733,229]
[827,225]
[1051,233]
[1157,386]
[1134,482]
[1108,489]
[997,499]
[932,386]
[892,468]
[808,523]
[355,474]
[300,426]
[261,363]
[607,472]
[432,377]
[584,414]
[240,299]
[515,303]
[410,268]
[20,280]
[86,595]
[153,507]
[106,423]
[248,532]
[561,567]
[1242,591]
[1097,550]
[1021,549]
[1222,452]
[1266,300]
[1257,43]
[1227,170]
[1069,64]
[827,39]
[630,43]
[1005,74]
[967,74]
[924,167]
[1065,170]
[956,179]
[951,198]
[759,73]
