[611,117]
[652,119]
[628,132]
[714,125]
[834,87]
[736,42]
[531,131]
[335,172]
[534,110]
[545,77]
[568,79]
[574,109]
[705,29]
[617,17]
[192,30]
[187,47]
[502,37]
[461,120]
[291,164]
[278,180]
[268,232]
[202,246]
[84,186]
[131,188]
[204,222]
[166,155]
[466,85]
[431,53]
[334,75]
[409,94]
[144,76]
[369,63]
[84,58]
[105,100]
[155,105]
[170,88]
[237,90]
[44,177]
[47,544]
[175,558]
[21,592]
[17,25]
[33,19]
[25,214]
[39,117]
[60,33]
[334,5]
[815,2]
[888,99]
[819,145]
[593,145]
[959,169]
[933,180]
[712,177]
[847,197]
[958,229]
[574,202]
[831,203]
[658,183]
[721,162]
[434,219]
[1063,243]
[915,91]
[996,123]
[1050,120]
[1026,169]
[1034,160]
[1084,229]
[1165,264]
[1111,170]
[1096,101]
[1152,130]
[1131,39]
[987,54]
[973,67]
[888,73]
[940,30]
[1146,22]
[1275,62]
[1275,172]
[1198,161]
[1159,194]
[1145,168]
[1111,150]
[1160,211]
[1222,229]
[1206,446]
[1147,469]
[1155,418]
[1130,459]
[1108,320]
[1082,293]
[816,324]
[888,323]
[956,355]
[786,359]
[906,340]
[573,344]
[858,297]
[992,290]
[991,254]
[810,243]
[799,257]
[527,279]
[556,299]
[713,293]
[710,274]
[737,299]
[654,317]
[500,343]
[610,316]
[356,290]
[545,259]
[667,237]
[430,233]
[368,252]
[513,243]
[232,297]
[181,336]
[310,357]
[454,311]
[471,307]
[469,368]
[776,447]
[514,416]
[943,485]
[746,467]
[825,508]
[840,533]
[1042,456]
[783,577]
[1098,471]
[1083,453]
[1008,484]
[1063,450]
[1016,451]
[1063,437]
[973,411]
[909,431]
[993,465]
[687,404]
[896,402]
[954,385]
[674,379]
[997,371]
[1203,534]
[1226,499]
[1222,326]
[1272,474]
[1254,471]
[1251,627]
[1109,627]
[1113,617]
[1064,584]
[998,614]
[903,572]
[973,568]
[1028,545]
[1224,613]
[1129,490]
[743,604]
[267,610]
[494,629]
[66,621]
[168,584]
[267,594]
[666,580]
[738,593]
[708,538]
[712,504]
[588,503]
[527,544]
[599,525]
[644,530]
[664,553]
[692,556]
[685,512]
[711,569]
[515,568]
[485,548]
[502,511]
[541,484]
[436,478]
[231,511]
[127,480]
[113,513]
[420,554]
[397,529]
[356,536]
[300,520]
[394,506]
[510,577]
[108,529]
[66,456]
[216,429]
[488,441]
[368,453]
[770,486]
[221,381]
[110,316]
