[856,8]
[641,23]
[763,51]
[952,72]
[895,103]
[450,42]
[879,158]
[1008,221]
[566,184]
[563,96]
[113,52]
[125,94]
[371,110]
[198,176]
[150,108]
[100,189]
[255,205]
[434,157]
[422,136]
[508,128]
[549,254]
[823,220]
[586,295]
[525,249]
[488,173]
[467,346]
[440,286]
[325,335]
[370,362]
[413,450]
[707,360]
[712,332]
[495,421]
[521,358]
[704,321]
[802,284]
[533,342]
[892,217]
[750,422]
[783,349]
[401,512]
[372,482]
[209,470]
[227,432]
[288,426]
[154,321]
[107,359]
[177,243]
[308,386]
[301,315]
[364,257]
[473,236]
[135,232]
[53,330]
[29,588]
[70,404]
[141,589]
[137,616]
[223,558]
[454,630]
[127,498]
[769,583]
[354,567]
[881,619]
[1263,622]
[732,562]
[814,457]
[516,535]
[854,426]
[762,431]
[954,292]
[1146,307]
[1105,335]
[1164,373]
[966,516]
[941,483]
[902,455]
[930,419]
[974,421]
[1013,382]
[984,373]
[789,498]
[872,574]
[1198,461]
[1151,516]
[1111,579]
[1227,532]
[1260,492]
[1253,425]
[978,522]
[1212,378]
[1266,282]
[1277,40]
[1244,126]
[926,291]
[1028,223]
[1230,62]
[1186,16]
[999,38]
[1061,87]
