[109,11]
[1097,38]
[1142,55]
[1112,69]
[507,34]
[854,70]
[1162,83]
[908,89]
[736,79]
[631,53]
[638,81]
[794,130]
[948,128]
[930,107]
[1073,144]
[985,201]
[925,315]
[937,215]
[867,191]
[948,181]
[751,136]
[426,26]
[200,71]
[115,78]
[104,62]
[171,65]
[156,51]
[161,28]
[2,34]
[1,159]
[26,159]
[32,90]
[89,130]
[34,64]
[50,46]
[104,117]
[472,111]
[388,79]
[259,88]
[375,40]
[610,126]
[477,145]
[397,131]
[561,211]
[616,214]
[702,229]
[640,232]
[589,248]
[587,236]
[511,224]
[358,121]
[390,236]
[350,278]
[303,278]
[370,329]
[331,287]
[434,290]
[417,233]
[488,281]
[546,351]
[585,325]
[553,324]
[468,221]
[585,277]
[673,282]
[636,273]
[731,248]
[748,165]
[659,174]
[590,205]
[639,151]
[789,155]
[855,195]
[887,359]
[906,317]
[884,461]
[837,192]
[840,375]
[692,355]
[819,433]
[579,395]
[601,386]
[189,370]
[166,381]
[330,395]
[209,420]
[295,430]
[635,410]
[217,458]
[234,446]
[122,436]
[45,324]
[62,332]
[75,325]
[95,379]
[110,390]
[130,339]
[129,376]
[139,354]
[167,340]
[567,381]
[807,284]
[580,358]
[135,320]
[40,292]
[57,215]
[92,201]
[106,216]
[56,248]
[287,229]
[277,249]
[118,267]
[182,266]
[140,306]
[242,304]
[339,229]
[226,142]
[24,208]
[13,251]
[7,453]
[34,515]
[113,611]
[31,351]
[100,466]
[328,467]
[137,493]
[394,473]
[440,443]
[473,440]
[429,471]
[556,430]
[673,455]
[506,480]
[486,494]
[604,502]
[441,509]
[581,530]
[908,471]
[1047,434]
[1057,321]
[967,440]
[997,378]
[1011,327]
[999,282]
[1166,342]
[1197,275]
[1218,265]
[1186,365]
[1151,399]
[1072,526]
[924,566]
[1046,546]
[914,581]
[902,563]
[982,526]
[730,580]
[623,577]
[944,491]
[611,561]
[532,592]
[372,554]
[385,545]
[556,547]
[493,564]
[690,541]
[435,524]
[218,565]
[548,455]
[237,525]
[112,588]
[394,628]
[310,601]
[1004,615]
[988,629]
[1134,602]
[800,600]
[1175,590]
[1232,545]
[1278,447]
[1255,443]
[1128,555]
[1049,584]
[1251,361]
[1263,269]
[1236,176]
[1157,214]
[1195,206]
[1204,213]
[1171,301]
[960,259]
[1024,221]
[1134,184]
[1039,268]
[1069,262]
[1242,131]
[1245,68]
[1159,11]
[1121,10]
[1108,23]
[714,4]
