[501,147]
[742,268]
[814,319]
[575,245]
[533,265]
[590,336]
[505,379]
[600,373]
[447,422]
[301,453]
[402,414]
[468,367]
[528,338]
[543,345]
[510,198]
[436,349]
[370,356]
[362,389]
[358,362]
[334,340]
[302,344]
[271,362]
[270,435]
[496,338]
[239,464]
[230,424]
[306,263]
[104,148]
[91,154]
[225,237]
[221,264]
[167,224]
[98,254]
[88,311]
[105,295]
[180,295]
[246,268]
[134,349]
[74,338]
[66,452]
[97,446]
[162,369]
[239,324]
[82,496]
[199,518]
[150,442]
[214,504]
[306,514]
[156,538]
[276,542]
[287,553]
[398,554]
[386,528]
[457,488]
[303,485]
[332,497]
[213,487]
[466,437]
[681,353]
[614,315]
[582,312]
[556,266]
[801,359]
[752,410]
[693,374]
[634,456]
[591,458]
[606,418]
[530,423]
[459,534]
[499,535]
[715,472]
[814,415]
[858,337]
[863,204]
[974,281]
[986,208]
[874,190]
[1001,182]
[997,28]
[976,82]
[939,86]
[991,108]
[921,112]
[819,141]
[845,190]
[852,272]
[807,206]
[770,39]
[646,132]
[573,92]
[602,148]
[779,229]
[608,131]
[727,177]
[738,148]
[765,207]
[776,154]
[820,274]
[439,86]
[346,128]
[305,125]
[363,100]
[237,58]
[68,38]
[177,84]
[52,59]
[22,139]
[43,18]
[430,28]
[213,43]
[516,64]
[493,34]
[619,9]
[695,32]
[1039,9]
[1236,10]
[1231,80]
[1173,19]
[1200,221]
[1194,110]
[1211,120]
[1275,64]
[1220,305]
[1191,396]
[1178,390]
[1151,492]
[1126,472]
[1249,153]
[1175,318]
[1130,377]
[1149,372]
[1154,390]
[1104,474]
[1074,419]
[1101,287]
[1128,204]
[1149,201]
[1137,254]
[1108,298]
[1184,223]
[1149,91]
[1113,53]
[1069,121]
[1088,205]
[983,318]
[1006,279]
[1058,111]
[958,351]
[1026,372]
[842,505]
[1030,469]
[1104,566]
[1254,590]
[1088,520]
[1182,499]
[1235,376]
[1251,381]
[1238,275]
[1272,241]
[1258,278]
[1279,544]
[1278,623]
[1190,623]
[372,630]
[561,611]
[797,605]
[641,592]
[752,582]
[578,577]
[383,588]
[579,567]
[821,561]
[694,546]
[754,511]
[955,598]
[799,512]
[946,389]
[907,245]
[914,302]
[838,463]
[813,483]
[119,622]
[86,610]
[8,426]
[6,370]
[60,527]
[7,152]
[41,264]
[134,200]
[97,205]
[31,209]
[77,116]
[305,164]
[399,150]
[444,172]
[406,168]
[372,205]
[165,139]
[446,279]
