400
280
1076
474
639
315
624
288
1046
382
841
266
855
256
589
150
501
189
755
277
381
205
480
286
65
218
217
210
326
61
382
119
536
60
453
104
1005
100
1141
117
406
135
780
152
1049
274
1053
193
1137
187
1186
269
1219
355
1221
390
840
216
1258
491
1266
104
878
4
591
8
585
18
1209
112
869
80
700
75
554
31
6
6
47
31
13
522
31
628
71
542
84
470
28
419
47
344
76
356
152
612
264
579
279
618
566
619
902
586
1084
551
795
577
416
594
179
522
403
512
499
579
446
414
388
439
236
303
555
413
326
290
524
335
695
412
555
475
477
468
571
517
612
491
885
439
