[558,321]
[551,340]
[840,164]
[796,177]
[661,253]
[460,339]
[203,386]
[200,349]
[140,209]
[62,185]
[98,91]
[153,62]
[295,15]
[280,113]
[227,256]
[458,213]
[257,231]
[326,70]
[408,52]
[476,155]
[560,115]
[497,118]
[466,66]
[899,45]
[542,9]
[1002,1]
[1205,38]
[584,173]
[841,83]
[500,71]
[592,115]
[416,261]
[991,88]
[937,229]
[1153,191]
[1211,211]
[669,375]
[766,316]
[912,283]
[807,265]
[378,490]
[546,509]
[640,501]
[568,466]
[1261,212]
[1245,542]
[922,619]
[836,571]
[1185,527]
[1185,420]
[1199,354]
[1235,334]
[1136,304]
[998,349]
[939,392]
[1094,341]
[1150,476]
[1014,497]
[727,577]
[629,619]
[831,498]
[391,624]
[793,482]
[1025,486]
[918,437]
[935,340]
[602,544]
[408,536]
[159,482]
[269,407]
