132
387
241
529
96
203
246
419
242
342
137
165
251
136
641
173
582
194
244
192
298
251
363
280
343
600
474
486
516
609
659
443
704
361
924
161
839
365
743
379
638
551
668
577
975
530
1030
437
976
492
923
455
957
414
1121
434
1197
492
1012
566
1079
614
1247
623
1180
266
1235
180
1090
120
1166
417
1110
365
997
342
886
379
878
496
870
325
1124
335
1115
241
1000
46
679
351
802
204
445
434
415
333
448
226
469
213
461
315
677
173
736
99
701
31
670
72
654
86
531
2
463
89
151
4
75
3
185
107
34
141
100
282
13
316
14
474
46
394
75
474
197
558
21
499
255
618
