[431,192]
[726,401]
[705,426]
[809,398]
[929,466]
[806,429]
[918,478]
[1128,588]
[731,426]
[926,593]
[976,553]
[1194,621]
[527,630]
[373,622]
[941,618]
[812,603]
[569,354]
[581,313]
[380,450]
[479,439]
[576,442]
[631,552]
[504,481]
[397,522]
[321,504]
[376,410]
[451,330]
[423,263]
[322,373]
[308,238]
[358,244]
[377,225]
[112,224]
[166,327]
[206,363]
[251,282]
[236,403]
[291,565]
[613,605]
[740,536]
[739,573]
[627,612]
[388,603]
[177,569]
[86,530]
[64,401]
[60,480]
[8,289]
[162,446]
[23,133]
[153,200]
[129,215]
[251,182]
[93,139]
[64,75]
[115,58]
[428,141]
[687,259]
[450,175]
[702,283]
[810,259]
[771,239]
[742,250]
[774,176]
[659,133]
[249,47]
[1109,163]
[1116,262]
[1154,277]
[1180,421]
[1180,197]
[1158,143]
[1109,125]
[974,130]
[191,22]
[471,11]
[1196,32]
[897,35]
[1194,59]
[1224,73]
[1270,108]
[695,58]
[1222,125]
[1218,474]
[1263,267]
[1268,386]
[1229,581]
[1074,299]
[1099,367]
[992,283]
[1024,253]
[1116,314]
[1089,199]
[781,142]
[888,254]
[841,373]
[1100,484]
[849,172]
[1038,367]
[1221,597]
