[372,424]
[313,498]
[430,529]
[350,373]
[439,507]
[389,396]
[375,357]
[483,518]
[493,560]
[468,542]
[312,533]
[339,557]
[430,583]
[546,573]
[506,473]
[413,392]
[428,374]
[575,515]
[618,530]
[553,487]
[416,283]
[261,378]
[330,357]
[76,549]
[201,398]
[174,368]
[28,569]
[24,527]
[77,389]
[106,384]
[38,339]
[54,413]
[37,401]
[6,337]
[17,321]
[200,286]
[198,361]
[216,402]
[237,305]
[195,260]
[145,269]
[147,254]
[67,271]
[79,282]
[76,306]
[42,255]
[66,237]
[626,299]
[339,248]
[762,296]
[1048,291]
[681,258]
[648,266]
[179,215]
[665,223]
[1074,267]
[968,178]
[782,90]
[900,157]
[836,157]
[831,180]
[790,141]
[582,108]
[728,103]
[666,101]
[675,68]
[866,88]
[977,110]
[1007,145]
[880,105]
[1120,203]
[1095,148]
[972,85]
[929,98]
[919,64]
[958,67]
[1066,109]
[1226,191]
[1183,196]
[1188,534]
[1172,538]
[1177,478]
[1140,532]
[1154,494]
[1156,381]
[1121,405]
[1077,507]
[1090,505]
[1100,541]
[1039,512]
[1040,439]
[1064,501]
[1141,210]
[1001,456]
[1021,449]
[894,598]
[976,587]
[983,596]
[1194,553]
[1220,453]
[1256,212]
[1230,135]
[1035,59]
[861,39]
[763,38]
[344,117]
[523,64]
[701,32]
[191,71]
[72,111]
[209,84]
[309,93]
[431,68]
[164,164]
[548,178]
[160,187]
[612,195]
[745,182]
[538,156]
[473,165]
[410,123]
[478,98]
[547,94]
[524,139]
[697,134]
[772,177]
[849,195]
[780,211]
[377,207]
[30,185]
[14,12]
[90,41]
[92,66]
[632,1]
[1151,16]
[775,21]
[1219,34]
[1257,67]
[1011,39]
[1217,94]
[1278,140]
[1269,618]
[646,628]
[637,612]
[834,618]
[829,533]
[733,607]
[911,446]
[932,471]
[871,526]
[915,531]
[959,480]
[986,408]
[905,383]
[774,428]
[735,420]
[659,449]
[671,493]
[693,496]
[736,481]
[693,452]
[722,435]
[744,472]
[804,493]
[838,477]
[830,467]
[875,446]
[832,501]
[804,514]
[727,527]
[658,517]
[551,430]
[587,428]
[631,449]
[690,416]
[841,378]
[1028,353]
[1067,334]
[769,331]
[635,348]
[811,317]
[560,330]
[504,345]
[549,349]
[614,372]
[910,339]
[582,402]
[527,431]
[709,571]
[582,603]
[313,628]
[58,625]
[195,592]
[95,600]
[107,582]
[226,553]
[233,568]
[210,582]
[311,602]
[207,483]
