382
46
514
167
672
180
560
185
616
243
537
212
439
123
53
81
394
163
366
176
586
282
868
240
865
261
888
324
942
306
972
266
954
204
615
259
900
180
969
169
710
150
852
112
903
137
1065
161
1086
270
524
501
1030
346
1051
326
1022
391
775
538
823
491
652
511
654
535
624
539
463
523
508
487
287
535
277
443
223
394
255
576
95
498
161
299
441
453
589
395
404
505
702
385
532
318
475
340
497
353
353
346
446
383
614
367
461
418
315
377
276
347
356
219
693
347
250
140
150
154
121
233
88
295
29
233
40
417
93
386
11
553
50
503
80
605
926
625
1083
614
331
555
753
550
1133
454
797
569
1100
559
998
535
1203
472
1232
408
1265
260
1194
443
1130
414
1074
417
997
453
1278
148
1090
80
990
129
952
95
955
82
1090
63
1170
78
1262
14
752
46
436
12
392
24
484
62
601
90
693
93
819
52
684
144
700
162
547
149
