[518,343]
[601,218]
[506,283]
[549,281]
[386,417]
[367,391]
[514,253]
[498,214]
[400,300]
[420,256]
[390,262]
[371,288]
[354,271]
[329,303]
[406,308]
[298,427]
[276,407]
[288,554]
[485,505]
[363,528]
[323,509]
[403,512]
[461,470]
[506,349]
[729,561]
[713,568]
[481,514]
[309,561]
[697,601]
[344,602]
[386,612]
[455,616]
[1060,612]
[1000,600]
[1196,607]
[1240,630]
[291,629]
[3,529]
[262,598]
[212,516]
[252,567]
[266,366]
[293,306]
[333,267]
[460,199]
[658,211]
[680,252]
[626,294]
[642,241]
[569,283]
[555,345]
[617,371]
[705,273]
[685,267]
[880,91]
[735,195]
[557,136]
[743,135]
[774,97]
[394,149]
[526,104]
[706,101]
[452,74]
[176,257]
[142,250]
[171,243]
[226,197]
[220,160]
[142,209]
[119,234]
[117,205]
[142,164]
[80,202]
[65,385]
[75,444]
[97,463]
[158,405]
[199,277]
[160,286]
[365,149]
[411,177]
[625,171]
[300,204]
[217,301]
[183,416]
[232,331]
[172,470]
[215,576]
[155,547]
[45,474]
[23,418]
[10,302]
[55,426]
[20,277]
[47,308]
[60,283]
[5,94]
[24,39]
[32,61]
[83,45]
[82,62]
[266,16]
[265,27]
[155,57]
[129,92]
[348,19]
[157,120]
[316,70]
[709,67]
[649,44]
[656,36]
[844,103]
[791,71]
[988,65]
[835,45]
[1042,31]
[653,22]
[535,36]
[523,53]
[433,21]
[490,6]
[1022,12]
[1106,32]
[1243,163]
[1158,217]
[1161,202]
[996,331]
[1132,170]
[1145,134]
[1058,203]
[889,425]
[869,398]
[771,455]
[988,280]
[970,253]
[997,217]
[901,297]
[908,276]
[1134,64]
[995,120]
[967,150]
[813,243]
[722,345]
[988,157]
[826,349]
[923,322]
[751,407]
[723,384]
[797,370]
[690,363]
[785,249]
[919,118]
[933,80]
[611,399]
[760,543]
[780,491]
[894,531]
[1118,463]
[1132,480]
[1053,505]
[1157,522]
[1185,514]
[1192,525]
[1133,550]
[1014,549]
[1088,563]
[1227,556]
[1248,520]
[1241,272]
[1128,300]
[1085,335]
[1157,308]
[1121,370]
[1156,436]
[1191,383]
[1221,379]
[1209,508]
[1129,435]
[1043,472]
[1076,433]
[1011,473]
[1018,484]
[980,482]
[1067,424]
[1119,397]
[1054,373]
[999,417]
[1053,413]
[936,455]
[906,506]
[915,398]
[1221,221]
[1255,246]
[1275,433]
[1262,511]
[1239,570]
[1079,583]
[831,576]
[1025,522]
[757,560]
