[324,431]
[66,225]
[139,487]
[4,214]
[59,519]
[111,575]
[27,313]
[144,525]
[235,581]
[518,619]
[286,550]
[438,492]
[343,484]
[314,523]
[364,391]
[363,351]
[637,557]
[515,533]
[410,560]
[621,601]
[771,618]
[871,497]
[748,602]
[790,487]
[918,399]
[812,367]
[743,357]
[601,387]
[779,427]
[481,409]
[603,331]
[787,280]
[872,280]
[602,363]
[752,333]
[1047,385]
[946,492]
[1166,421]
[1209,310]
[1251,304]
[1192,442]
[851,557]
[904,591]
[1129,480]
[1151,494]
[886,627]
[1068,620]
[1133,590]
[1173,621]
[1262,594]
[1153,552]
[1130,549]
[1243,478]
[1279,301]
[1260,104]
[1211,69]
[1238,265]
[1023,460]
[1109,364]
[1171,286]
[1214,160]
[1008,233]
[783,237]
[1197,144]
[1134,82]
[1070,88]
[1083,111]
[902,84]
[852,95]
[574,51]
[853,54]
[1090,20]
[250,1]
[481,78]
[535,67]
[677,104]
[516,133]
[300,115]
[206,81]
[276,41]
[407,63]
[226,4]
[47,26]
[138,246]
[111,77]
[321,187]
[635,124]
[821,137]
[977,134]
[882,193]
[489,241]
[578,214]
[569,174]
[147,257]
[352,300]
[658,263]
[1056,245]
[473,300]
[284,378]
[251,358]
