[902,582]
[729,609]
[1093,608]
[1080,569]
[1032,591]
[999,548]
[1074,553]
[1175,578]
[1092,510]
[1144,417]
[1089,406]
[1079,516]
[1027,432]
[1116,244]
[1072,389]
[1134,369]
[1185,273]
[1199,178]
[1162,154]
[1239,123]
[1235,100]
[1155,76]
[1091,102]
[1137,103]
[1068,131]
[1053,169]
[1063,179]
[1122,163]
[1046,229]
[989,166]
[1069,67]
[863,71]
[747,39]
[962,54]
[1006,35]
[687,20]
[295,66]
[236,63]
[327,48]
[155,34]
[197,77]
[157,48]
[101,53]
[70,70]
[126,83]
[6,139]
[58,67]
[67,45]
[152,10]
[1059,12]
[1170,45]
[1255,2]
[1239,252]
[1250,327]
[1270,97]
[1279,564]
[1263,581]
[1199,567]
[1178,528]
[1210,279]
[1209,444]
[1232,429]
[1212,166]
[1154,535]
[1244,628]
[437,629]
[431,574]
[421,578]
[397,555]
[474,564]
[499,546]
[711,592]
[762,554]
[799,551]
[747,539]
[588,547]
[580,541]
[627,535]
[557,520]
[267,529]
[231,560]
[177,582]
[222,572]
[322,624]
[13,596]
[132,596]
[97,568]
[51,450]
[34,210]
[77,500]
[957,350]
[869,415]
[772,390]
[755,406]
[892,441]
[632,448]
[818,479]
[807,500]
[486,494]
[495,456]
[252,492]
[706,517]
[885,549]
[981,320]
[978,259]
[1036,295]
[983,220]
[877,169]
[832,176]
[775,162]
[884,140]
[775,84]
[743,93]
[716,129]
[688,85]
[712,295]
[820,264]
[709,140]
[806,214]
[893,245]
[955,240]
[636,345]
[620,334]
[472,360]
[397,385]
[353,347]
[401,367]
[469,298]
[526,263]
[475,329]
[427,348]
[699,313]
[582,316]
[568,293]
[593,252]
[609,248]
[619,287]
[634,250]
[626,224]
[540,195]
[471,236]
[413,258]
[323,339]
[310,376]
[367,403]
[566,390]
[696,363]
[831,291]
[868,293]
[837,347]
[928,260]
[916,346]
[251,454]
[104,451]
[118,401]
[85,349]
[250,235]
[304,224]
[317,238]
[250,272]
[226,310]
[193,297]
[253,343]
[375,201]
[496,129]
[362,146]
[285,172]
[288,194]
[83,246]
[195,243]
[60,320]
[73,196]
[110,166]
[331,103]
[290,102]
[175,122]
[160,143]
[156,138]
[105,151]
[53,200]
[45,146]
[86,113]
[511,59]
[95,204]
[415,111]
[545,118]
[386,219]
[256,392]
[394,229]
[517,153]
[625,167]
[652,199]
[646,111]
[578,53]
[910,90]
[929,113]
[932,77]
[979,102]
[917,153]
[1077,276]
