[1097,63]
[1131,100]
[1124,118]
[999,104]
[955,81]
[970,58]
[1276,52]
[930,20]
[319,11]
[92,25]
[768,136]
[791,90]
[1082,132]
[1079,148]
[832,184]
[692,188]
[482,138]
[606,126]
[307,103]
[417,128]
[403,133]
[631,252]
[727,257]
[876,182]
[999,216]
[814,237]
[618,360]
[785,288]
[805,260]
[883,355]
[888,302]
[1110,168]
[1049,370]
[1100,328]
[1028,415]
[981,402]
[944,402]
[847,459]
[910,440]
[990,455]
[734,538]
[623,554]
[599,509]
[685,508]
[1018,349]
[684,412]
[512,564]
[264,537]
[83,496]
[154,428]
[56,380]
[68,240]
[198,491]
[235,452]
[182,412]
[166,413]
[95,126]
[205,360]
[173,190]
[223,154]
[540,265]
[200,208]
[255,480]
[313,362]
[456,502]
[456,417]
[531,442]
[847,347]
[378,414]
[424,370]
[389,360]
[441,350]
[381,349]
[547,317]
[303,323]
[255,337]
[262,227]
[413,302]
[653,308]
[269,87]
[26,55]
[49,114]
[18,419]
[127,589]
[205,606]
[222,576]
[574,627]
[525,606]
[933,575]
[902,615]
[1232,560]
[1243,539]
[1254,444]
[1217,489]
[1067,524]
[818,565]
[959,522]
[1265,364]
[1187,316]
[1266,128]
