1050
53
792
8
843
93
973
181
1002
68
1012
152
993
171
1104
170
1037
80
1149
182
1167
283
1147
338
1024
376
874
387
846
338
918
326
894
282
658
354
557
356
487
306
390
388
451
392
441
363
476
409
609
439
672
428
1073
437
793
460
780
529
1159
416
1138
448
690
584
583
495
659
538
722
549
771
510
578
481
825
440
588
455
403
431
325
335
345
313
466
249
431
321
617
209
516
194
348
213
152
469
164
326
433
65
488
102
527
105
649
69
753
100
782
139
791
191
649
166
667
244
553
253
574
269
1094
273
668
35
600
19
203
9
12
14
17
146
50
151
94
109
124
19
49
352
102
244
112
110
159
65
180
62
214
161
3
523
38
595
151
424
77
596
183
548
185
455
313
330
209
526
424
623
605
617
372
591
1081
627
1132
616
1258
532
1254
473
1168
519
1149
563
1044
522
1182
505
1182
350
1154
78
1275
426
1279
207
1218
23
1120
78
