[97,158]
[257,381]
[150,131]
[279,385]
[177,443]
[285,427]
[357,470]
[405,429]
[368,379]
[267,342]
[414,352]
[456,433]
[605,437]
[464,347]
[405,336]
[227,266]
[941,482]
[1150,573]
[1177,534]
[389,303]
[437,304]
[333,231]
[241,205]
[219,171]
[421,218]
[592,287]
[634,324]
[596,307]
[485,323]
[869,380]
[791,320]
[232,94]
[30,147]
[23,111]
[106,107]
[224,70]
[463,160]
[352,73]
[449,93]
[526,160]
[713,108]
[669,46]
[467,96]
[431,37]
[137,68]
[293,33]
[234,20]
[692,17]
[836,215]
[885,124]
[879,106]
[941,58]
[924,104]
[1021,207]
[1109,321]
[1025,291]
[1052,261]
[808,229]
[700,168]
[472,175]
[1140,361]
[1205,250]
[1116,138]
[1134,265]
[1028,36]
[1118,60]
[1214,36]
[1239,56]
[1122,100]
[1261,296]
[1268,531]
[1245,447]
[1190,585]
[606,616]
[331,601]
[92,576]
[87,565]
[164,546]
[820,593]
[796,546]
[732,485]
[710,574]
[313,549]
[190,518]
[593,560]
[589,539]
[610,533]
[596,504]
[716,469]
[229,473]
[127,441]
[37,428]
[301,518]
[1,483]
[93,206]
[65,325]
[97,347]
[123,387]
[86,423]
[209,385]
