[1060,612]
[1186,524]
[1217,601]
[1244,580]
[1249,511]
[1161,458]
[1153,468]
[1195,502]
[1104,565]
[886,446]
[894,476]
[761,386]
[780,369]
[881,375]
[1019,512]
[1070,528]
[1039,514]
[1043,476]
[1113,530]
[1043,432]
[1137,370]
[1209,390]
[1240,427]
[1276,519]
[1278,161]
[1252,192]
[1242,239]
[1265,450]
[1168,243]
[987,467]
[966,262]
[894,184]
[885,110]
[855,92]
[787,95]
[877,263]
[835,121]
[931,355]
[902,334]
[737,77]
[664,51]
[885,346]
[824,303]
[754,311]
[475,464]
[560,427]
[546,449]
[524,484]
[683,463]
[612,456]
[800,424]
[614,545]
[778,507]
[685,551]
[586,548]
[463,516]
[514,523]
[618,505]
[525,496]
[369,454]
[544,374]
[490,429]
[815,263]
[303,445]
[352,410]
[204,395]
[245,448]
[333,474]
[112,446]
[159,443]
[81,392]
[77,346]
[97,318]
[86,230]
[64,211]
[79,168]
[119,221]
[149,357]
[463,353]
[360,372]
[126,380]
[429,388]
[613,306]
[594,335]
[769,257]
[761,217]
[627,246]
[707,163]
[572,273]
[665,247]
[698,273]
[464,317]
[441,310]
[386,265]
[492,264]
[420,213]
[351,278]
[433,175]
[287,148]
[270,231]
[301,166]
[293,292]
[329,274]
[322,304]
[390,282]
[372,309]
[296,337]
[274,297]
[232,188]
[245,191]
[263,146]
[340,115]
[360,131]
[490,152]
[396,115]
[402,98]
[560,149]
[468,180]
[539,168]
[604,184]
[567,186]
[572,216]
[548,266]
[705,137]
[653,103]
[443,54]
[388,64]
[480,87]
[475,107]
[313,52]
[168,144]
[154,181]
[180,197]
[216,166]
[182,242]
[211,278]
[237,273]
[270,353]
[168,312]
[124,127]
[186,78]
[160,124]
[238,38]
[400,47]
[339,24]
[1056,37]
[1075,88]
[1046,95]
[1016,59]
[930,46]
[950,72]
[1004,115]
[1019,106]
[1136,136]
[1148,128]
[1140,105]
[1207,138]
[1162,166]
[1044,335]
[940,155]
[1097,203]
[985,119]
[834,55]
[895,100]
[990,270]
[996,420]
[1215,162]
[1242,99]
[1111,28]
[1020,7]
[723,14]
[48,7]
[3,160]
[17,298]
[9,486]
[25,476]
[30,414]
[74,550]
[53,337]
[68,412]
[139,617]
[407,628]
[539,619]
[514,599]
[646,598]
[654,623]
[769,627]
[875,611]
[952,572]
[928,560]
[563,587]
[343,587]
[268,608]
[378,550]
[568,566]
[697,560]
[850,513]
[768,494]
[708,511]
[796,463]
