[622,253]
[503,292]
[410,274]
[235,313]
[252,326]
[333,316]
[363,297]
[379,310]
[379,344]
[280,359]
[241,414]
[175,379]
[129,292]
[367,211]
[568,182]
[652,263]
[641,372]
[746,273]
[823,129]
[614,113]
[519,137]
[152,185]
[106,213]
[42,361]
[113,408]
[1,366]
[13,96]
[85,68]
[283,7]
[168,94]
[102,179]
[249,151]
[249,81]
[340,39]
[278,156]
[435,82]
[368,59]
[441,22]
[473,125]
[520,107]
[711,60]
[1043,93]
[924,10]
[1125,1]
[1068,123]
[1022,148]
[1012,107]
[870,98]
[1144,267]
[901,507]
[1004,350]
[1091,270]
[1124,278]
[874,119]
[750,313]
[621,480]
[459,399]
[440,361]
[235,471]
[169,532]
[227,530]
[355,413]
[253,572]
[491,479]
[510,580]
[654,549]
[582,543]
[722,436]
[670,430]
[919,217]
[964,345]
[938,325]
[878,382]
[862,418]
[930,445]
[867,465]
[821,404]
[858,295]
[688,529]
[887,602]
[1150,575]
[1188,399]
[1108,554]
[1114,483]
[1055,473]
[920,520]
[1195,315]
[1183,60]
[1244,124]
[1234,239]
[1273,592]
[1220,438]
[1230,369]
[1208,316]
[1179,609]
[882,620]
[340,618]
[301,601]
[2,546]
[16,528]
