[670,158]
[679,184]
[812,181]
[669,203]
[710,217]
[632,231]
[597,215]
[321,394]
[275,439]
[416,342]
[273,454]
[362,413]
[504,310]
[578,242]
[686,247]
[512,402]
[658,294]
[529,408]
[481,420]
[474,412]
[515,358]
[595,322]
[597,273]
[349,452]
[163,534]
[117,599]
[30,416]
[45,561]
[138,627]
[195,623]
[145,570]
[198,538]
[403,529]
[405,562]
[236,588]
[520,622]
[632,619]
[415,551]
[516,552]
[818,614]
[997,630]
[1146,628]
[1145,609]
[807,601]
[277,500]
[355,493]
[474,460]
[597,393]
[875,178]
[847,175]
[806,152]
[1028,138]
[1044,126]
[1041,212]
[1055,106]
[1064,213]
[1035,227]
[909,154]
[976,376]
[994,359]
[943,220]
[1012,354]
[979,416]
[963,410]
[867,363]
[920,316]
[728,435]
[630,468]
[840,337]
[618,434]
[609,486]
[694,469]
[860,370]
[655,515]
[506,517]
[591,431]
[676,364]
[788,314]
[805,316]
[876,245]
[756,289]
[438,521]
[823,591]
[842,562]
[877,561]
[863,530]
[859,547]
[797,539]
[678,538]
[794,571]
[547,535]
[862,515]
[895,532]
[891,583]
[1071,538]
[1152,439]
[988,533]
[1060,482]
[938,461]
[854,482]
[831,509]
[845,473]
[816,470]
[666,520]
[802,447]
[1115,431]
[1091,406]
[1187,299]
[1154,395]
[1190,321]
[1214,298]
[1218,450]
[1199,475]
[1184,447]
[1157,465]
[1163,526]
[1219,560]
[1169,576]
[1133,572]
[1139,521]
[1100,565]
[940,585]
[1280,596]
[1262,475]
[1279,236]
[1259,216]
[1253,366]
[1236,509]
[1227,170]
[1164,165]
[1160,197]
[1138,143]
[1114,193]
[1085,333]
[1110,338]
[1115,281]
[1195,268]
[1059,416]
[1102,88]
[144,204]
[117,241]
[78,251]
[131,194]
[293,155]
[665,95]
[827,79]
[548,123]
[789,110]
[1128,34]
[585,45]
[985,12]
[381,33]
[547,66]
[357,80]
[122,65]
[70,41]
[190,27]
[592,14]
[314,5]
[81,15]
[28,65]
[130,89]
[282,91]
[285,81]
[312,98]
[121,115]
[7,119]
[26,179]
[139,131]
[897,46]
[308,128]
[5,194]
[62,346]
[152,269]
[135,299]
[19,399]
[135,352]
[312,236]
[459,203]
[474,248]
[374,228]
[461,272]
[402,300]
[308,304]
[280,322]
[274,301]
[293,280]
[338,282]
[309,265]
[250,290]
[154,354]
[100,408]
[220,378]
[175,380]
[166,370]
[328,333]
[242,392]
[238,383]
[109,481]
[195,450]
