424
249
526
267
439
273
421
317
448
386
485
329
472
313
623
262
690
165
806
270
676
280
668
373
822
300
828
347
806
391
944
366
944
356
861
333
789
204
954
327
937
326
1000
406
955
466
909
494
757
543
702
457
746
580
592
579
587
598
135
546
74
502
251
540
281
520
279
475
181
452
547
445
616
455
453
457
669
494
644
285
722
223
478
348
638
336
411
409
347
216
382
229
415
152
490
114
498
178
649
145
384
13
242
72
282
98
289
138
390
64
283
348
216
108
196
86
224
405
165
249
86
287
67
117
115
85
135
115
132
216
180
172
143
17
44
98
13
229
59
626
92
575
269
610
339
614
260
599
797
628
926
558
1072
591
1243
514
1226
500
1253
183
1181
512
1222
105
1152
433
868
525
1043
437
1115
121
1115
270
1085
424
1213
77
1122
40
809
15
888
31
862
165
952
76
1143
88
904
204
1035
385
741
43
544
73
782
114
