1095
75
484
41
838
73
968
152
852
227
866
157
753
104
793
290
855
359
908
274
1165
54
1267
318
1095
250
1063
307
965
259
885
470
894
487
1065
429
1207
339
1247
593
1140
624
1154
541
631
589
1071
613
658
613
463
599
451
551
725
523
938
539
1032
496
1113
430
1060
530
1175
436
1173
385
917
523
635
494
559
438
355
482
341
540
65
488
180
500
196
438
224
420
560
338
512
397
675
442
728
482
708
413
534
249
506
281
337
263
370
323
227
348
12
486
2
167
19
322
60
165
27
10
174
169
111
293
233
125
537
120
590
155
353
213
621
197
754
152
272
40
320
29
967
20
834
38
