231
273
230
260
389
283
452
328
139
281
158
300
704
445
190
381
604
467
569
490
142
384
209
356
476
411
84
294
56
540
60
213
24
305
1
614
159
592
35
595
201
504
90
531
115
514
143
441
104
412
475
518
386
540
149
557
172
581
492
628
777
622
799
602
397
573
804
589
436
487
1039
606
941
415
813
316
881
408
944
443
876
478
707
261
670
362
795
497
482
214
401
105
536
94
607
114
612
163
716
158
871
315
966
395
1024
472
959
331
827
81
841
135
668
76
415
72
490
82
269
99
317
109
487
261
550
288
512
340
168
114
194
73
290
65
450
31
463
60
489
21
958
56
1189
92
965
114
1015
155
944
187
1003
294
1065
195
1122
365
1093
177
1057
119
1132
139
1224
175
1197
182
1215
247
1125
192
1165
392
1116
383
1055
354
1075
327
949
300
1175
572
1264
544
1256
228
1239
227
1242
7
1060
46
433
2
133
13
13
108
119
227
