[34,257]
[171,259]
[106,170]
[39,228]
[87,67]
[194,177]
[277,350]
[701,477]
[377,336]
[529,345]
[445,292]
[334,306]
[306,347]
[135,57]
[489,80]
[320,129]
[391,127]
[586,155]
[735,100]
[290,14]
[479,3]
[614,14]
[485,21]
[781,76]
[805,228]
[883,128]
[911,191]
[920,422]
[780,330]
[787,272]
[733,265]
[709,141]
[398,203]
[241,165]
[859,487]
[558,578]
[988,500]
[1062,216]
[982,143]
[1093,49]
[795,48]
[728,32]
[1079,33]
[1197,45]
[1240,71]
[1270,297]
[1249,260]
[1209,62]
[1160,246]
[1066,93]
[1201,386]
[1054,510]
[621,601]
[136,629]
[649,531]
[673,539]
[655,508]
[554,482]
[436,505]
[303,591]
[414,479]
[105,595]
[78,531]
[10,580]
[83,296]
[123,582]
[122,400]
[775,504]
[250,383]
[294,382]
