[472,545]
[1015,593]
[911,567]
[800,566]
[540,519]
[491,474]
[719,404]
[592,427]
[541,438]
[468,384]
[635,416]
[487,369]
[353,285]
[364,276]
[410,291]
[419,312]
[939,455]
[941,437]
[962,458]
[815,510]
[773,504]
[784,477]
[843,463]
[636,433]
[608,458]
[665,468]
[599,499]
[584,453]
[573,515]
[623,527]
[751,464]
[723,544]
[889,552]
[879,537]
[1022,562]
[1048,574]
[1224,581]
[1178,543]
[1075,537]
[1035,509]
[1077,480]
[1017,474]
[940,500]
[1033,522]
[806,530]
[1018,459]
[795,386]
[949,374]
[855,336]
[571,186]
[600,247]
[586,247]
[527,185]
[544,183]
[469,143]
[556,244]
[614,291]
[780,327]
[734,339]
[644,312]
[577,347]
[420,227]
[478,292]
[307,249]
[304,198]
[444,212]
[562,310]
[406,116]
[358,104]
[227,256]
[219,283]
[297,333]
[236,282]
[353,356]
[370,382]
[347,420]
[272,353]
[252,327]
[243,362]
[315,468]
[162,350]
[166,295]
[218,368]
[167,123]
[136,123]
[87,275]
[249,493]
[417,595]
[300,508]
[267,461]
[362,513]
[382,479]
[386,318]
[481,589]
[720,603]
[525,573]
[822,601]
[841,623]
[135,606]
[136,622]
[22,600]
[21,412]
[66,7]
[582,8]
[78,60]
[41,487]
[47,587]
[63,579]
[166,599]
[49,542]
[67,465]
[213,601]
[277,592]
[221,592]
[140,467]
[104,482]
[60,396]
[84,389]
[187,467]
[310,583]
[179,427]
[65,272]
[102,73]
[193,53]
[188,129]
[204,281]
[243,123]
[301,56]
[688,4]
[962,36]
[1055,59]
[1047,74]
[725,18]
[703,69]
[745,70]
[738,99]
[674,92]
[577,29]
[591,69]
[670,106]
[762,111]
[811,100]
[785,95]
[776,69]
[836,94]
[901,135]
[820,132]
[910,190]
[1038,234]
[1047,221]
[1178,196]
[1110,172]
[1101,192]
[1075,198]
[982,185]
[924,99]
[898,101]
[829,58]
[912,68]
[1091,119]
[998,102]
[979,162]
[1095,159]
[1148,116]
[1238,274]
[1254,249]
[1160,72]
[902,11]
[1019,5]
[1139,20]
[1222,38]
[1251,56]
[1199,44]
[1271,232]
[1274,463]
[1202,269]
[1075,224]
[1118,341]
[1146,369]
[1022,336]
[1033,300]
[998,284]
[943,302]
[1088,392]
[1027,391]
[1065,384]
[884,290]
[995,268]
[590,113]
[594,107]
[893,221]
[1067,266]
[518,66]
[611,137]
[378,74]
[549,154]
[675,151]
[1231,554]
[1241,594]
[1014,621]
