[732,523]
[717,468]
[641,544]
[685,529]
[944,571]
[682,584]
[179,569]
[59,483]
[482,569]
[670,452]
[706,223]
[627,276]
[500,211]
[496,139]
[632,121]
[789,282]
[812,324]
[870,160]
[1002,267]
[850,107]
[338,71]
[486,94]
[271,272]
[295,106]
[101,137]
[265,149]
[239,252]
[433,500]
[434,380]
[366,393]
[320,248]
[564,323]
[570,414]
[678,350]
[463,550]
[10,459]
[130,450]
[5,302]
[38,68]
[112,412]
[96,285]
[87,10]
[168,74]
[222,49]
[621,67]
[681,84]
[896,33]
[1068,72]
[1199,139]
[1248,7]
[1277,184]
[1223,382]
[1175,168]
[1178,156]
[969,57]
[1100,203]
[1104,306]
[1199,451]
[1262,342]
[1231,564]
[1127,523]
[1057,238]
[1057,171]
[953,394]
[861,384]
[881,445]
[1221,621]
[1165,622]
[815,446]
[931,228]
