[164,296]
[386,311]
[268,285]
[488,299]
[544,287]
[239,266]
[149,277]
[155,310]
[99,356]
[89,321]
[135,315]
[125,256]
[195,187]
[324,225]
[333,213]
[490,249]
[601,252]
[497,206]
[390,217]
[475,191]
[531,201]
[725,275]
[756,254]
[728,225]
[824,278]
[738,289]
[392,257]
[734,302]
[83,402]
[221,396]
[790,316]
[781,329]
[513,355]
[409,388]
[767,345]
[980,347]
[280,416]
[159,413]
[272,453]
[311,448]
[262,438]
[875,384]
[1024,460]
[993,396]
[1047,466]
[1010,394]
[1075,467]
[1064,483]
[1006,470]
[1106,518]
[1113,478]
[1163,523]
[1140,514]
[1112,548]
[1049,535]
[1039,580]
[1093,583]
[1197,529]
[1200,505]
[1157,418]
[1124,421]
[897,264]
[869,264]
[893,334]
[814,217]
[573,172]
[686,207]
[460,180]
[286,209]
[256,189]
[281,188]
[287,152]
[387,92]
[427,89]
[368,124]
[493,112]
[488,126]
[705,109]
[798,88]
[679,66]
[502,58]
[484,83]
[463,75]
[260,74]
[40,223]
[188,153]
[13,255]
[167,20]
[80,18]
[39,126]
[21,115]
[59,2]
[204,11]
[173,87]
[107,131]
[161,126]
[319,18]
[386,2]
[852,4]
[896,31]
[636,16]
[852,39]
[674,28]
[479,36]
[531,48]
[878,62]
[967,11]
[1210,19]
[1023,102]
[1074,118]
[1210,112]
[1160,95]
[1267,23]
[1227,183]
[1278,200]
[1263,551]
[1203,374]
[1209,292]
[1195,177]
[1110,192]
[1002,237]
[970,236]
[1125,136]
[946,159]
[869,176]
[607,143]
[815,142]
[874,161]
[995,87]
[462,145]
[590,158]
[952,246]
[1044,248]
[1174,377]
[927,247]
[1168,411]
[1223,520]
[1212,615]
[602,630]
[413,624]
[711,619]
[658,592]
[1150,602]
[942,579]
[913,559]
[931,498]
[1005,563]
[1000,543]
[1056,517]
[961,486]
[894,487]
[861,541]
[897,593]
[694,580]
[705,569]
[518,569]
[273,595]
[375,590]
[609,611]
[97,610]
[98,596]
[765,535]
[723,555]
[750,573]
[820,507]
[821,481]
[487,517]
[609,520]
[688,501]
[793,519]
[74,563]
[792,463]
[775,441]
[859,465]
[826,558]
[875,476]
[965,443]
[660,420]
[517,439]
[176,481]
[285,487]
[488,456]
[500,464]
[694,433]
[599,466]
[442,499]
[193,534]
[72,465]
[55,510]
[41,495]
[52,420]
[68,453]
[95,464]
[91,437]
[123,488]
[180,443]
[38,402]
[192,314]
[251,330]
[385,327]
