825
370
965
493
881
231
881
188
799
283
779
426
823
446
775
473
714
481
703
464
764
310
780
106
828
85
1114
276
1222
408
983
208
1168
402
1046
334
1045
353
1027
364
1020
275
917
317
979
435
1007
406
1250
541
1272
386
1272
180
1254
273
1170
155
1249
88
1194
25
957
50
1145
86
1123
168
1211
277
1070
160
1070
81
834
51
1229
10
658
25
961
85
981
147
1141
281
814
64
295
88
349
180
501
86
585
211
481
119
446
210
531
284
703
120
738
353
298
285
263
296
126
236
32
159
132
185
368
287
88
95
369
206
153
78
545
69
264
2
3
65
37
331
64
233
14
532
95
437
72
207
182
439
148
438
111
515
238
415
243
353
265
367
262
410
100
562
29
601
319
613
284
560
470
598
663
606
308
544
543
494
469
528
645
555
557
428
434
393
474
419
416
485
471
502
355
497
347
460
159
567
440
371
151
295
595
358
764
613
986
606
