[1135,417]
[1126,397]
[1124,543]
[1171,430]
[1157,387]
[1194,388]
[1205,421]
[1217,423]
[1199,288]
[1238,426]
[1174,454]
[1157,511]
[1160,547]
[1239,578]
[1231,599]
[810,559]
[1182,615]
[1188,630]
[902,628]
[998,617]
[754,587]
[760,500]
[853,464]
[926,485]
[946,480]
[877,450]
[749,421]
[882,436]
[970,481]
[935,527]
[888,538]
[781,539]
[1144,574]
[1022,493]
[1036,475]
[1019,418]
[934,450]
[983,410]
[980,345]
[1025,373]
[1004,375]
[991,418]
[1061,387]
[1054,457]
[1063,505]
[1104,399]
[1184,261]
[736,411]
[539,407]
[528,457]
[515,474]
[565,506]
[587,479]
[688,459]
[691,444]
[755,484]
[607,556]
[440,462]
[576,360]
[699,318]
[464,379]
[600,322]
[514,261]
[563,325]
[439,345]
[241,471]
[213,602]
[409,376]
[371,576]
[447,573]
[407,471]
[423,497]
[500,556]
[615,606]
[680,596]
[709,564]
[747,605]
[538,627]
[266,590]
[343,591]
[322,556]
[362,553]
[374,486]
[286,530]
[239,614]
[156,608]
[146,525]
[160,492]
[189,602]
[223,396]
[268,393]
[294,407]
[459,324]
[474,330]
[428,291]
[456,225]
[505,207]
[712,225]
[740,279]
[723,265]
[621,279]
[773,327]
[888,305]
[766,293]
[853,226]
[777,203]
[573,188]
[406,203]
[373,219]
[376,303]
[229,272]
[196,346]
[215,353]
[225,369]
[312,340]
[271,315]
[336,333]
[327,322]
[450,314]
[143,406]
[171,190]
[158,226]
[124,258]
[109,561]
[50,596]
[10,532]
[35,454]
[41,267]
[5,385]
[15,249]
[37,170]
[84,504]
[87,103]
[157,37]
[197,38]
[213,78]
[232,77]
[209,2]
[264,3]
[239,88]
[97,194]
[263,127]
[181,241]
[353,100]
[336,44]
[446,29]
[345,130]
[169,265]
[541,65]
[588,133]
[640,114]
[775,97]
[813,105]
[1016,70]
[1022,52]
[596,108]
[624,86]
[722,72]
[667,96]
[779,70]
[729,59]
[594,81]
[604,68]
[738,44]
[883,56]
[770,33]
[436,45]
[856,4]
[1012,7]
[768,21]
[1261,24]
[1110,87]
[1161,51]
[696,156]
[432,164]
[604,167]
[989,197]
[933,233]
[900,230]
[944,260]
[1001,263]
[1103,166]
[971,319]
[905,338]
[858,340]
[916,315]
[572,387]
[803,373]
[973,323]
[1032,300]
[1226,114]
[1202,104]
[1134,157]
[1138,120]
[977,252]
[1031,118]
[1238,74]
[1269,386]
[1265,540]
[1224,190]
