[1198,245]
[1171,201]
[1097,165]
[1067,201]
[1129,26]
[1214,232]
[1206,174]
[1146,15]
[1234,85]
[1274,360]
[1239,221]
[1148,340]
[1195,326]
[1227,337]
[1216,344]
[1229,402]
[1229,447]
[1212,467]
[1224,503]
[1260,373]
[1263,540]
[1177,595]
[1084,611]
[1086,588]
[1193,555]
[1071,520]
[1079,465]
[1161,520]
[1183,437]
[1165,346]
[1126,423]
[1142,468]
[1056,407]
[1166,250]
[926,255]
[966,280]
[761,238]
[808,282]
[965,295]
[1121,284]
[1059,322]
[988,341]
[1079,298]
[992,317]
[947,298]
[951,448]
[987,480]
[911,586]
[907,574]
[881,574]
[944,465]
[852,415]
[941,391]
[838,335]
[826,404]
[891,492]
[809,404]
[722,439]
[792,470]
[771,510]
[777,480]
[685,469]
[683,446]
[720,359]
[718,402]
[800,355]
[780,320]
[687,345]
[534,492]
[626,416]
[632,437]
[654,558]
[626,557]
[553,509]
[518,561]
[535,570]
[572,551]
[618,587]
[768,604]
[775,592]
[710,542]
[672,520]
[658,472]
[792,591]
[831,545]
[866,480]
[843,577]
[891,603]
[974,581]
[1015,555]
[1023,525]
[998,542]
[1001,408]
[962,360]
[1065,431]
[1019,627]
[580,627]
[461,611]
[483,630]
[118,599]
[163,535]
[268,581]
[732,617]
[479,565]
[435,465]
[417,513]
[444,573]
[403,548]
[386,387]
[418,454]
[533,428]
[442,430]
[592,362]
[578,355]
[435,422]
[503,368]
[643,324]
[478,505]
[723,290]
[565,306]
[332,380]
[275,422]
[353,534]
[312,452]
[356,390]
[400,588]
[240,524]
[234,368]
[209,290]
[169,311]
[151,450]
[208,386]
[173,444]
[234,544]
[158,492]
[69,306]
[82,399]
[49,313]
[120,273]
[99,229]
[11,262]
[10,158]
[48,69]
[59,87]
[77,9]
[162,6]
[96,13]
[93,76]
[33,176]
[146,88]
[218,52]
[244,87]
[187,143]
[128,153]
[206,210]
[244,160]
[207,182]
[292,46]
[109,24]
[352,8]
[314,152]
[100,345]
[351,154]
[377,95]
[405,92]
[428,127]
[387,191]
[501,138]
[698,79]
[777,75]
[675,112]
[518,190]
[492,250]
[400,228]
[468,189]
[400,203]
[351,265]
[392,145]
[249,276]
[374,328]
[581,252]
[814,153]
[908,85]
[739,119]
[764,151]
[637,191]
[536,249]
[581,213]
[597,174]
[830,60]
[759,35]
[435,63]
[615,17]
[818,9]
[974,66]
[1005,127]
[976,100]
[726,234]
[970,182]
[1053,219]
