[1200,559]
[1274,101]
[1238,215]
[1224,48]
[954,79]
[1204,142]
[899,138]
[986,14]
[825,31]
[884,102]
[662,92]
[1049,184]
[899,253]
[778,236]
[737,173]
[798,179]
[782,132]
[651,177]
[636,204]
[731,216]
[585,251]
[449,223]
[208,116]
[483,35]
[429,135]
[544,53]
[704,59]
[832,49]
[745,8]
[541,4]
[134,9]
[84,58]
[330,487]
[280,495]
[109,440]
[43,306]
[191,413]
[145,253]
[66,140]
[17,237]
[17,367]
[131,496]
[262,588]
[409,596]
[602,499]
[830,495]
[571,465]
[503,420]
[895,480]
[695,458]
[997,508]
[1004,456]
[309,253]
[654,371]
[453,408]
[387,501]
[193,208]
[1031,422]
[1131,484]
[1014,517]
[529,543]
[958,586]
[1089,579]
[950,568]
[1182,539]
[1164,384]
[1160,438]
[819,354]
[1050,286]
[1154,166]
