[1136,250]
[1080,180]
[1094,140]
[1086,131]
[1086,152]
[1011,77]
[1036,164]
[1010,158]
[1071,204]
[990,164]
[980,210]
[1002,221]
[1078,226]
[1002,252]
[884,225]
[819,222]
[953,245]
[823,273]
[617,243]
[637,234]
[535,228]
[594,206]
[736,179]
[787,240]
[771,198]
[815,158]
[810,178]
[856,167]
[892,197]
[856,204]
[983,244]
[887,125]
[919,106]
[684,110]
[543,141]
[511,129]
[453,121]
[398,136]
[489,151]
[557,170]
[880,135]
[470,208]
[254,162]
[262,137]
[343,129]
[429,110]
[760,85]
[1000,91]
[867,55]
[727,54]
[200,70]
[376,85]
[63,145]
[126,311]
[159,348]
[139,306]
[272,414]
[317,425]
[240,355]
[187,334]
[379,356]
[423,349]
[383,338]
[456,313]
[377,270]
[334,264]
[251,326]
[247,275]
[231,270]
[215,313]
[207,216]
[449,278]
[539,318]
[562,339]
[505,311]
[539,345]
[533,357]
[383,387]
[338,361]
[293,360]
[288,381]
[346,409]
[392,401]
[392,437]
[295,449]
[167,478]
[370,456]
[580,409]
[564,425]
[948,311]
[881,305]
[649,360]
[551,404]
[687,326]
[434,258]
[749,298]
[244,202]
[827,284]
[1187,278]
[1135,188]
[1104,13]
[1184,170]
[1168,159]
[1162,203]
[1195,208]
[1193,372]
[1217,119]
[1190,8]
[1277,119]
[1278,145]
[1260,133]
[1216,488]
[1252,360]
[1258,431]
[1241,574]
[1137,572]
[1058,484]
[952,515]
[1063,500]
[1045,513]
[1061,542]
[1012,595]
[1077,603]
[1231,581]
[1227,609]
[1033,624]
[481,627]
[499,615]
[689,613]
[615,598]
[802,603]
[977,477]
[1061,446]
[1108,460]
[1149,485]
[1149,402]
[1097,380]
[788,517]
[786,530]
[846,516]
[812,556]
[462,596]
[181,596]
[159,614]
[39,603]
[61,582]
[545,573]
[612,533]
[650,538]
[655,489]
[589,462]
[599,491]
[576,512]
[553,478]
[482,481]
[503,501]
[531,491]
[539,499]
[437,539]
[538,552]
[127,548]
[898,378]
[842,423]
[1017,368]
[787,469]
[695,435]
[685,548]
[1176,307]
[456,462]
[125,523]
[138,508]
[72,492]
[45,382]
[49,425]
[24,407]
[2,242]
[84,419]
[93,469]
[123,457]
[75,376]
[115,411]
[138,466]
[124,497]
[189,450]
[128,377]
[83,294]
[12,218]
[14,16]
[86,25]
[43,68]
[162,31]
[31,99]
[399,20]
[97,12]
[139,5]
[604,3]
[901,22]
[619,18]
[326,49]
[1089,38]
