948
291
983
325
1066
286
1026
78
1217
49
1192
109
1259
557
491
414
987
463
1088
511
1094
477
678
235
679
296
446
223
471
265
353
139
761
188
529
232
921
183
788
71
724
87
436
57
159
77
795
141
91
115
297
155
381
179
372
211
158
191
190
242
381
325
453
309
826
337
219
427
664
496
204
445
179
465
153
535
223
593
295
586
597
609
404
584
749
542
727
468
1020
556
749
494
933
561
926
607
589
622
277
617
13
575
8
140
29
149
64
353
44
521
61
539
159
579
63
432
163
392
610
364
84
301
32
28
79
41
523
13
841
6
1130
20
1145
38
816
55
1027
205
955
249
