[581,556]
[225,601]
[566,617]
[686,523]
[734,518]
[575,629]
[858,462]
[872,442]
[751,447]
[566,509]
[981,275]
[1010,204]
[1033,262]
[1127,63]
[1178,63]
[1122,140]
[1202,61]
[1189,277]
[1081,526]
[1091,443]
[911,585]
[863,593]
[1020,387]
[742,602]
[1055,622]
[1196,609]
[1209,592]
[1252,223]
[1221,19]
[795,38]
[230,271]
[974,45]
[826,132]
[502,265]
[480,236]
[448,233]
[358,288]
[440,301]
[1021,137]
[897,312]
[757,269]
[992,157]
[397,331]
[281,340]
[75,268]
[56,154]
[78,112]
[426,125]
[766,17]
[588,12]
[178,13]
[626,50]
[143,55]
[51,78]
[10,116]
[80,499]
[96,522]
[452,498]
[412,467]
[144,411]
[305,405]
[616,304]
[495,366]
[400,459]
[662,408]
[586,414]
[644,388]
[724,242]
[758,368]
[403,560]
