[1095,156]
[1038,117]
[1072,119]
[1112,104]
[1018,81]
[1034,64]
[1094,50]
[693,11]
[874,10]
[1203,46]
[1067,293]
[951,343]
[1032,281]
[1013,149]
[1013,260]
[951,290]
[931,225]
[972,165]
[1010,126]
[804,90]
[986,92]
[821,60]
[720,106]
[955,123]
[931,175]
[911,138]
[855,200]
[878,398]
[890,394]
[896,323]
[955,373]
[1091,303]
[1124,329]
[1152,191]
[1238,107]
[1208,212]
[1190,173]
[1195,198]
[1106,455]
[1151,397]
[1236,189]
[1261,183]
[1267,388]
[1280,289]
[1279,459]
[1253,589]
[1233,508]
[1241,360]
[1216,371]
[1198,478]
[1165,530]
[1156,517]
[1183,480]
[1175,403]
[1222,256]
[1200,298]
[1116,548]
[1133,550]
[1182,542]
[1225,419]
[1205,605]
[1177,592]
[1086,627]
[959,628]
[804,619]
[698,573]
[1041,593]
[1155,570]
[996,586]
[963,557]
[1026,466]
[1052,452]
[1073,390]
[825,493]
[897,485]
[754,542]
[763,565]
[700,552]
[1002,380]
[1003,391]
[1108,369]
[1040,349]
[725,510]
[751,466]
[585,628]
[636,526]
[792,408]
[720,321]
[692,333]
[713,328]
[780,404]
[746,414]
[624,512]
[606,404]
[617,357]
[643,315]
[629,355]
[640,405]
[716,215]
[686,179]
[775,223]
[775,303]
[742,331]
[840,446]
[785,196]
[665,70]
[498,64]
[697,249]
[512,362]
[484,415]
[505,388]
[594,331]
[498,459]
[483,451]
[444,520]
[508,591]
[530,535]
[536,423]
[564,597]
[468,604]
[384,531]
[348,441]
[300,532]
[328,452]
[420,219]
[480,152]
[528,265]
[484,221]
[412,375]
[375,423]
[368,465]
[486,331]
[480,300]
[558,280]
[502,311]
[510,322]
[385,482]
[558,297]
[660,220]
[516,136]
[449,127]
[374,276]
[370,243]
[299,378]
[323,351]
[353,322]
[310,389]
[263,424]
[196,557]
[360,337]
[275,529]
[313,595]
[135,624]
[62,556]
[126,486]
[114,476]
[113,354]
[128,299]
[154,363]
[140,408]
[196,349]
[226,235]
[173,240]
[101,267]
[59,394]
[44,515]
[37,479]
[62,189]
[83,151]
[69,117]
[39,142]
[49,176]
[35,310]
[14,323]
[3,165]
[39,9]
[262,5]
[573,27]
[336,29]
[166,109]
[194,114]
[255,93]
[307,96]
[188,179]
[165,146]
[135,53]
[84,254]
[244,187]
[296,143]
[350,162]
[297,222]
[273,262]
[313,244]
[266,313]
[172,402]
[150,558]
[451,55]
[961,43]
[1044,140]
[1026,198]
