[838,135]
[767,152]
[890,221]
[1141,421]
[778,241]
[716,168]
[711,253]
[745,258]
[919,418]
[1021,453]
[1006,416]
[1087,443]
[1022,548]
[714,599]
[1025,482]
[598,329]
[793,368]
[510,168]
[449,365]
[404,206]
[351,346]
[124,293]
[174,388]
[99,277]
[153,260]
[163,219]
[218,76]
[252,216]
[247,94]
[288,90]
[601,96]
[311,150]
[1174,118]
[1251,21]
[896,88]
[948,55]
[760,23]
[13,26]
[9,355]
[50,148]
[69,287]
[154,417]
[292,452]
[52,455]
[220,484]
[435,431]
[183,341]
[463,415]
[776,508]
[759,400]
[844,539]
[451,534]
[551,506]
[293,550]
[449,604]
[239,545]
[545,450]
[183,533]
[81,626]
[922,623]
[1156,529]
[1274,409]
[1245,139]
[1169,498]
[1183,302]
[1101,132]
[1019,172]
[1134,222]
[1150,348]
[972,239]
