[860,301]
[753,204]
[741,227]
[654,193]
[661,224]
[637,237]
[223,142]
[179,146]
[218,171]
[416,210]
[152,207]
[251,250]
[234,228]
[358,229]
[578,286]
[407,277]
[492,270]
[186,259]
[261,338]
[269,365]
[198,362]
[362,406]
[351,380]
[289,330]
[323,332]
[403,406]
[415,436]
[305,406]
[460,509]
[416,523]
[194,405]
[183,366]
[53,268]
[60,451]
[37,244]
[106,134]
[123,235]
[146,321]
[127,171]
[142,137]
[194,76]
[193,119]
[303,100]
[258,147]
[396,113]
[548,206]
[395,93]
[326,117]
[421,41]
[553,96]
[597,97]
[600,69]
[787,116]
[981,360]
[672,92]
[631,155]
[506,156]
[786,198]
[993,443]
[1009,502]
[1140,607]
[998,405]
[1106,537]
[1135,419]
[1139,533]
[1233,502]
[1175,510]
[1178,425]
[1127,392]
[1147,366]
[1184,389]
[1098,138]
[1075,105]
[1147,164]
[1162,139]
[1181,201]
[1202,244]
[1251,549]
[1274,546]
[1274,255]
[1258,65]
[1215,24]
[1122,53]
[1198,38]
[1234,95]
[1239,161]
[1188,82]
[1125,137]
[1067,41]
[1107,64]
[1067,24]
[898,23]
[916,35]
[1048,34]
[1087,150]
[1056,189]
[1018,133]
[1041,250]
[1081,356]
[1015,350]
[981,177]
[984,123]
[914,72]
[981,41]
[888,62]
[941,110]
[826,31]
[823,94]
[902,90]
[934,117]
[895,104]
[907,176]
[950,183]
[952,111]
[1010,383]
[744,12]
[498,12]
[496,23]
[552,37]
[618,28]
[561,66]
[437,9]
[56,28]
[193,37]
[53,74]
[172,65]
[226,42]
[14,180]
[35,438]
[20,440]
[5,238]
[1,516]
[13,604]
[94,593]
[107,538]
[99,514]
[136,376]
[196,462]
[299,534]
[198,424]
[233,440]
[316,491]
[383,596]
[335,588]
[238,516]
[230,493]
[193,534]
[157,517]
[124,449]
[157,570]
[476,621]
[721,586]
[496,580]
[486,569]
[699,549]
[767,556]
[763,568]
[694,567]
[856,616]
[523,627]
[1000,629]
[922,593]
[821,596]
[774,463]
[839,527]
[876,546]
[921,553]
[914,513]
[810,447]
[733,423]
[799,567]
[638,423]
[622,432]
[659,526]
[365,555]
[608,486]
[530,438]
[543,384]
[526,421]
[506,431]
[520,393]
[553,354]
[595,463]
[597,359]
[746,475]
[667,398]
[659,324]
[766,354]
[850,391]
[849,402]
[756,385]
[847,416]
[1021,622]
[985,505]
[922,416]
[773,314]
[424,315]
[430,345]
[491,504]
[371,304]
