1266
282
1219
210
1280
221
1185
54
1119
14
1118
142
1222
264
1082
298
1008
158
776
229
774
249
934
221
547
335
1019
236
988
290
994
375
1052
261
1010
514
473
502
272
492
423
487
960
503
862
378
933
360
982
278
779
363
780
384
710
380
823
287
487
369
724
425
894
439
722
486
468
421
285
334
386
346
343
90
123
125
63
110
311
75
520
30
448
88
420
156
504
128
553
90
519
52
554
50
610
200
401
214
446
240
660
255
613
110
747
72
885
75
694
154
720
273
754
226
868
174
1041
119
1043
49
844
9
404
9
72
43
46
111
36
215
176
249
9
530
108
614
200
243
184
165
115
179
201
123
248
128
294
255
321
146
311
291
223
185
178
448
188
607
222
611
269
583
561
568
844
626
1132
620
1278
588
1209
593
1232
567
789
597
805
588
633
534
1231
527
1050
472
1129
446
1207
447
1260
421
1083
398
1277
398
1266
317
1226
362
1040
395
