[626,263]
[703,366]
[635,312]
[594,309]
[565,215]
[459,344]
[429,430]
[485,499]
[459,409]
[475,446]
[583,492]
[499,445]
[543,344]
[534,278]
[594,337]
[772,458]
[786,411]
[718,402]
[731,346]
[909,427]
[821,396]
[935,509]
[810,441]
[778,492]
[746,513]
[544,431]
[558,462]
[668,539]
[738,563]
[396,537]
[465,191]
[375,278]
[273,275]
[364,247]
[273,250]
[325,223]
[235,222]
[381,112]
[260,71]
[335,44]
[217,68]
[213,145]
[331,137]
[213,162]
[98,145]
[227,23]
[219,54]
[371,20]
[406,60]
[574,31]
[603,50]
[523,114]
[447,151]
[297,197]
[611,132]
[635,18]
[429,3]
[168,16]
[133,54]
[86,75]
[63,117]
[156,291]
[182,428]
[151,387]
[145,342]
[17,146]
[36,459]
[23,393]
[13,402]
[11,495]
[100,623]
[93,557]
[99,476]
[126,479]
[207,560]
[184,601]
[232,564]
[138,435]
[148,479]
[62,326]
[70,446]
[88,480]
[49,444]
[45,237]
[243,551]
[267,618]
[328,569]
[300,455]
[269,428]
[400,355]
[361,340]
[282,346]
[233,372]
[241,425]
[207,466]
[184,257]
[429,349]
[389,499]
[386,474]
[411,383]
[365,445]
[308,425]
[390,563]
[463,625]
[972,629]
[529,612]
[1258,618]
[524,600]
[670,587]
[1112,595]
[1215,583]
[1188,562]
[683,529]
[1257,534]
[1207,476]
[1164,483]
[1229,397]
[1275,515]
[1239,370]
[1055,521]
[989,521]
[1080,464]
[1074,484]
[1172,396]
[1257,324]
[1137,314]
[1172,360]
[1098,325]
[1087,261]
[1251,269]
[1210,192]
[1242,171]
[1179,181]
[1106,251]
[1069,219]
[1189,80]
[1198,97]
[1124,172]
[1212,160]
[1252,159]
[1266,267]
[1278,200]
[1265,65]
[1124,1]
[1113,66]
[945,27]
[1088,77]
[1077,99]
[1204,42]
[970,277]
[921,284]
[1025,134]
[1040,172]
[1060,84]
[1023,67]
[904,188]
[1007,101]
[932,180]
[860,273]
[888,263]
[936,317]
[1002,309]
[1071,247]
[983,444]
[1040,389]
[1063,404]
[1060,430]
[1069,436]
[1081,411]
[1065,373]
[1087,378]
[1058,295]
[1140,413]
[945,525]
[953,341]
[865,304]
[834,272]
[900,149]
[1003,54]
[860,129]
[868,62]
[915,52]
[901,7]
[768,39]
[821,64]
[825,78]
[761,166]
[795,306]
[788,199]
[771,190]
[833,182]
[909,116]
[814,216]
[826,319]
[910,409]
[794,332]
[733,266]
[741,342]
[666,161]
[654,4]
