[963,250]
[1026,97]
[900,319]
[866,335]
[792,318]
[987,487]
[952,512]
[969,487]
[906,423]
[756,339]
[795,399]
[346,309]
[423,373]
[374,349]
[223,257]
[343,296]
[637,356]
[551,249]
[496,217]
[500,164]
[633,323]
[684,296]
[815,266]
[794,223]
[887,278]
[888,313]
[935,128]
[944,202]
[952,118]
[926,114]
[834,226]
[842,194]
[729,149]
[821,200]
[790,198]
[740,188]
[684,216]
[691,246]
[772,198]
[759,242]
[781,257]
[598,263]
[570,241]
[548,204]
[613,222]
[547,129]
[494,146]
[583,99]
[709,93]
[573,132]
[605,185]
[750,93]
[800,115]
[858,186]
[851,128]
[794,50]
[681,35]
[431,88]
[594,79]
[467,109]
[345,172]
[398,164]
[457,214]
[543,326]
[270,246]
[191,240]
[90,293]
[146,284]
[190,326]
[84,433]
[240,322]
[331,333]
[208,356]
[618,415]
[348,406]
[208,385]
[289,432]
[171,443]
[189,395]
[110,438]
[84,489]
[200,506]
[279,474]
[289,458]
[325,457]
[298,484]
[406,471]
[387,441]
[292,422]
[852,452]
[881,542]
[668,515]
[625,523]
[952,571]
[913,549]
[1000,526]
[1021,448]
[973,348]
[996,479]
[935,346]
[987,284]
[1018,297]
[1072,557]
[1186,509]
[1189,555]
[1113,573]
[1214,576]
[1220,512]
[1052,275]
[1066,329]
[1128,407]
[1066,393]
[1017,248]
[1124,289]
[1098,215]
[1114,219]
[1144,279]
[1157,208]
[1138,183]
[1119,180]
[996,240]
[1023,202]
[1149,112]
[1233,95]
[1247,131]
[1256,26]
[1270,224]
[1174,126]
[1182,171]
[1159,318]
[1193,302]
[1228,197]
[1267,255]
[1234,254]
[1187,355]
[1064,271]
[1226,425]
[1248,629]
[72,627]
[42,617]
[1130,605]
[783,590]
[676,559]
[836,582]
[762,547]
[489,521]
[367,532]
[523,544]
[120,562]
[73,567]
[598,586]
[835,598]
[55,602]
[54,553]
[312,521]
[736,498]
[784,512]
[689,457]
[578,492]
[524,439]
[477,499]
[110,524]
[68,511]
[33,407]
[97,245]
[314,208]
[318,243]
[501,277]
[373,181]
[43,190]
[11,387]
[24,100]
[55,23]
[33,132]
[162,138]
[247,123]
[192,69]
[349,42]
[131,54]
[93,75]
[83,46]
[113,9]
[133,31]
[432,3]
[357,29]
[380,52]
[416,43]
[410,59]
[329,81]
[315,81]
[318,126]
[296,57]
[264,169]
[528,19]
[1031,4]
[1029,14]
[801,19]
[1212,38]
[1215,53]
[1024,167]
