801
560
561
585
532
602
578
610
1235
585
1278
434
1265
428
1206
544
1265
230
1202
122
1221
169
1123
470
967
544
835
505
750
536
563
486
521
449
929
495
1132
374
881
462
948
410
843
399
963
385
966
348
590
187
516
220
721
285
516
258
385
261
740
344
731
395
365
296
191
422
349
204
545
55
823
87
938
118
1024
169
541
92
982
215
748
182
684
157
1065
386
1128
180
1107
129
603
1
650
23
522
7
184
63
100
109
441
26
254
136
180
124
29
208
63
342
194
237
170
301
318
137
150
234
379
78
112
419
274
536
112
504
219
558
507
553
301
482
207
467
246
413
369
446
435
518
