[1277,205]
[991,36]
[831,214]
[1131,141]
[1133,157]
[1052,293]
[956,300]
[827,239]
[735,64]
[700,21]
[738,290]
[758,283]
[821,303]
[751,344]
[534,389]
[599,274]
[531,336]
[451,374]
[455,477]
[1170,364]
[1151,499]
[1137,450]
[1098,426]
[855,516]
[766,527]
[225,548]
[366,486]
[298,453]
[377,324]
[367,381]
[629,213]
[717,219]
[676,170]
[231,245]
[84,148]
[86,590]
[141,589]
[165,566]
[118,283]
[323,266]
[406,236]
[203,395]
[209,566]
[274,607]
[393,548]
[428,556]
[906,621]
[1150,606]
[1204,556]
[1239,431]
