[1243,407]
[1068,340]
[1019,340]
[1202,400]
[1279,452]
[1253,536]
[1236,542]
[699,219]
[919,327]
[926,318]
[968,165]
[1068,190]
[1069,176]
[931,95]
[925,142]
[837,173]
[908,77]
[738,117]
[603,174]
[907,358]
[1158,537]
[1199,581]
[1082,619]
[801,598]
[1118,588]
[811,569]
[812,500]
[1128,570]
[1013,519]
[708,466]
[666,439]
[773,459]
[575,355]
[558,372]
[400,362]
[256,400]
[451,250]
[508,225]
[618,321]
[388,321]
[581,336]
[1103,541]
[546,178]
[428,204]
[91,364]
[186,358]
[103,456]
[133,608]
[124,483]
[335,454]
[372,429]
[629,544]
[507,538]
[254,556]
[521,507]
[221,538]
[287,513]
[212,497]
[145,571]
[429,618]
[573,616]
[669,573]
[641,553]
[667,535]
[572,450]
[765,521]
[769,630]
[55,627]
[23,100]
[122,14]
[229,44]
[112,74]
[167,103]
[576,49]
[103,150]
[175,166]
[497,97]
[141,197]
[365,187]
[310,182]
[709,47]
[181,285]
[918,4]
[1232,44]
[1249,84]
[1234,73]
[1185,74]
[1042,26]
[1076,51]
[1105,160]
[1159,90]
[1229,255]
[1251,371]
[1193,252]
[1159,243]
[1186,334]
[1158,330]
[1090,250]
[1170,227]
[996,244]
