[1026,302]
[674,286]
[614,221]
[700,206]
[790,279]
[1008,297]
[888,237]
[832,152]
[889,119]
[731,130]
[887,270]
[610,88]
[404,137]
[192,243]
[111,313]
[92,369]
[503,131]
[177,379]
[190,500]
[228,567]
[404,495]
[402,414]
[270,496]
[315,438]
[357,360]
[275,354]
[440,266]
[648,343]
[441,377]
[418,524]
[275,560]
[599,602]
[925,544]
[952,478]
[702,438]
[895,389]
[1000,363]
[484,426]
[1091,294]
[969,134]
[1075,218]
[1154,247]
[1218,507]
[1251,470]
[1207,189]
[1125,83]
[1055,117]
[1061,60]
[1076,58]
[1126,2]
[1253,36]
[1267,591]
[1114,568]
[1121,324]
[1097,432]
[970,630]
[378,613]
[40,548]
[32,468]
[96,268]
[220,121]
[305,66]
[405,58]
[400,41]
[184,31]
[224,1]
[743,11]
[451,67]
[864,18]
[860,30]
