[1067,585]
[856,612]
[1082,610]
[1259,501]
[1226,450]
[1250,452]
[1279,432]
[1269,91]
[1176,332]
[1080,191]
[1217,13]
[1065,5]
[720,142]
[1052,33]
[1075,316]
[1116,346]
[1201,370]
[1103,467]
[1001,233]
[1039,278]
[1040,190]
[948,144]
[946,181]
[955,265]
[970,178]
[979,440]
[816,240]
[901,131]
[564,402]
[663,524]
[681,314]
[714,430]
[776,509]
[843,390]
[724,340]
[853,316]
[862,479]
[736,572]
[617,568]
[517,603]
[330,587]
[608,557]
[678,563]
[495,424]
[390,477]
[618,254]
[551,288]
[352,464]
[312,516]
[365,517]
[479,500]
[521,456]
[539,489]
[507,541]
[188,553]
[410,287]
[331,403]
[577,253]
[361,284]
[288,380]
[242,424]
[128,418]
[206,312]
[231,322]
[234,239]
[326,206]
[312,261]
[378,250]
[650,128]
[528,123]
[530,113]
[796,50]
[910,57]
[746,16]
[297,14]
[203,66]
[652,73]
[176,106]
[199,142]
[384,146]
[328,103]
[515,176]
[264,176]
[91,226]
[162,257]
[38,364]
[10,216]
[9,340]
[19,446]
[112,348]
[194,273]
[65,502]
[73,612]
[255,629]
[717,620]
[960,553]
[955,489]
[918,478]
[902,355]
[1017,579]
