[928,89]
[1020,423]
[1035,507]
[1086,338]
[1024,338]
[1090,200]
[1072,192]
[1176,147]
[1212,154]
[1080,273]
[1167,204]
[1212,481]
[1167,584]
[1157,351]
[1084,462]
[1114,579]
[1191,610]
[894,596]
[83,613]
[1222,640]
[1274,464]
[1266,27]
[1258,176]
[1232,4]
[1232,154]
[1044,8]
[1091,108]
[986,102]
[968,152]
[906,8]
[807,58]
[513,268]
[491,265]
[745,51]
[626,119]
[520,221]
[292,366]
[436,320]
[506,311]
[776,172]
[646,287]
[523,368]
[340,446]
[584,424]
[611,363]
[654,410]
[635,447]
[511,535]
[513,443]
[427,491]
[169,521]
[90,460]
[296,290]
[606,91]
[357,276]
[499,215]
[696,20]
[572,5]
[386,9]
[119,42]
[44,73]
[554,47]
[265,98]
[510,91]
[406,142]
[327,136]
[116,75]
[84,95]
[71,235]
[8,226]
[4,313]
[67,377]
[94,142]
[206,212]
[117,88]
[331,201]
[451,148]
[21,439]
[166,561]
[349,597]
[507,561]
[684,430]
[747,344]
[755,283]
[720,271]
[572,359]
[797,204]
[847,208]
[827,381]
[762,356]
[815,531]
[566,571]
[632,517]
[476,602]
[941,566]
[925,478]
[805,447]
[872,442]
[850,99]
[959,524]
