[350,399]
[512,385]
[516,439]
[184,419]
[104,487]
[224,447]
[583,457]
[588,441]
[735,509]
[740,570]
[417,494]
[276,473]
[171,502]
[177,538]
[285,553]
[449,546]
[287,494]
[798,599]
[776,552]
[1150,626]
[869,616]
[812,624]
[694,627]
[554,566]
[532,596]
[339,602]
[31,552]
[13,526]
[51,369]
[84,187]
[37,62]
[91,69]
[147,136]
[71,305]
[84,297]
[208,396]
[266,325]
[324,379]
[386,321]
[288,301]
[507,237]
[397,189]
[225,181]
[195,319]
[186,67]
[648,216]
[679,211]
[533,164]
[617,175]
[913,107]
[868,76]
[586,64]
[332,92]
[221,33]
[402,1]
[473,21]
[496,17]
[394,62]
[530,35]
[1138,69]
[650,189]
[771,221]
[640,234]
[806,321]
[690,408]
[608,315]
[518,277]
[653,287]
[512,180]
[589,263]
[448,269]
[636,413]
[882,535]
[742,429]
[952,399]
[979,370]
[865,181]
[872,232]
[700,188]
[1033,150]
[1111,104]
[1041,181]
[930,174]
[1173,258]
[1166,270]
[1116,258]
[1137,426]
[1192,425]
[1260,374]
[1238,461]
[1186,589]
[1042,562]
[978,568]
[958,558]
[972,491]
[1035,386]
[1096,452]
[1036,312]
[875,569]
[492,363]
