[135,54]
[177,470]
[213,240]
[153,166]
[244,82]
[313,71]
[732,171]
[651,170]
[418,269]
[473,281]
[655,186]
[601,229]
[778,239]
[891,116]
[986,130]
[1010,155]
[1222,28]
[1061,17]
[1177,45]
[640,38]
[574,59]
[796,157]
[523,54]
[564,19]
[591,30]
[978,4]
[1251,9]
[1263,61]
[1191,168]
[1262,201]
[562,288]
[540,353]
[474,367]
[374,424]
[413,172]
[333,240]
[336,430]
[271,366]
[252,395]
[304,492]
[385,512]
[217,594]
[686,524]
[741,404]
[691,465]
[539,485]
[702,283]
[877,255]
[1136,373]
[1093,366]
[1247,483]
[1169,580]
[1106,624]
[1028,594]
[1143,578]
[1057,510]
[1038,409]
[1032,454]
[917,605]
[890,510]
[458,625]
[578,573]
[103,620]
[173,589]
[17,614]
[3,128]
[49,301]
[69,499]
[217,577]
[91,431]
