[1207,362]
[1117,290]
[1275,346]
[1201,283]
[1144,261]
[1060,259]
[1250,224]
[1085,186]
[991,192]
[714,95]
[650,112]
[562,112]
[729,136]
[701,153]
[569,140]
[516,171]
[515,192]
[677,181]
[591,231]
[622,227]
[625,293]
[586,283]
[645,356]
[638,259]
[757,144]
[878,197]
[761,127]
[971,210]
[1103,310]
[828,231]
[839,215]
[904,239]
[821,192]
[742,281]
[845,320]
[676,274]
[713,273]
[739,255]
[715,235]
[685,238]
[650,294]
[720,337]
[747,338]
[718,297]
[889,346]
[645,367]
[912,368]
[933,355]
[940,325]
[937,294]
[791,238]
[1172,348]
[963,458]
[1001,414]
[596,480]
[484,533]
[717,483]
[966,444]
[549,544]
[829,513]
[876,527]
[1071,444]
[1067,502]
[1030,539]
[998,536]
[1054,498]
[1060,464]
[947,547]
[690,532]
[660,563]
[563,553]
[528,571]
[611,581]
[714,564]
[730,554]
[862,587]
[726,609]
[560,600]
[407,560]
[259,481]
[371,495]
[341,478]
[192,454]
[179,548]
[87,498]
[195,352]
[264,321]
[185,444]
[259,425]
[363,439]
[406,530]
[504,480]
[766,440]
[426,436]
[375,405]
[910,405]
[1015,391]
[506,393]
[438,338]
[336,332]
[261,283]
[417,475]
[240,277]
[343,252]
[354,214]
[303,195]
[216,275]
[75,430]
[275,179]
[350,166]
[434,176]
[332,79]
[347,52]
[388,105]
[458,98]
[499,267]
[521,294]
[413,273]
[470,233]
[456,168]
[394,283]
[303,265]
[629,378]
[520,242]
[627,199]
[493,213]
[503,69]
[613,32]
[891,80]
[1065,94]
[854,95]
[720,61]
[636,68]
[1170,174]
[1168,107]
[1152,74]
[1148,110]
[1060,65]
[1082,48]
[1210,56]
[1205,65]
[1231,74]
[1272,3]
[1180,4]
[1230,43]
[1091,15]
[956,9]
[798,25]
[1070,89]
[527,6]
[206,41]
[48,81]
[152,20]
[210,4]
[58,1]
[8,33]
[12,518]
[40,69]
[42,139]
[43,164]
[108,150]
[133,80]
[255,55]
[206,190]
[258,130]
[289,153]
[121,263]
[101,243]
[136,177]
[178,163]
[209,70]
[67,218]
[46,328]
[103,334]
[219,236]
[35,416]
[23,544]
[113,538]
[108,580]
[366,630]
[540,627]
[247,581]
[202,538]
[595,618]
[1209,625]
[1160,580]
[1222,534]
[1231,611]
[1272,537]
[1278,505]
[1254,512]
[1259,541]
[1198,504]
[1193,524]
[1083,578]
[1134,522]
[1276,427]
[1176,426]
[1134,501]
[1007,596]
