[1232,372]
[1174,295]
[1201,403]
[1129,342]
[1182,139]
[1047,170]
[1025,139]
[1108,73]
[837,113]
[1053,354]
[1031,282]
[1072,275]
[988,198]
[928,164]
[1093,200]
[1142,532]
[1092,562]
[720,364]
[699,418]
[333,373]
[825,542]
[680,480]
[659,421]
[974,503]
[1041,622]
[857,579]
[285,374]
[393,270]
[464,375]
[558,243]
[638,276]
[669,272]
[583,231]
[872,276]
[893,331]
[846,316]
[518,315]
[1046,367]
[838,155]
[250,248]
[106,232]
[242,258]
[380,258]
[138,354]
[218,511]
[400,572]
[642,588]
[323,490]
[588,489]
[816,626]
[203,613]
[138,567]
[79,424]
[24,69]
[159,484]
[80,170]
[213,85]
[244,135]
[152,154]
[135,192]
[288,142]
[467,24]
[604,7]
[961,44]
[611,116]
[614,75]
[271,213]
[1119,24]
[1273,101]
[1260,110]
