1046
112
714
158
645
143
605
158
735
176
344
163
857
98
813
79
608
70
344
110
492
119
325
150
334
171
475
227
465
213
507
246
463
197
935
166
749
214
926
252
1088
473
1090
523
1012
527
803
572
701
571
830
514
934
384
823
375
237
200
469
307
178
198
274
101
415
60
536
35
738
51
984
87
1142
134
1140
312
1201
179
1204
13
1009
23
753
4
973
64
523
2
113
40
372
38
514
22
234
86
71
209
122
294
199
302
183
335
106
322
34
298
72
449
201
450
168
397
272
283
245
412
395
381
322
402
198
463
373
442
273
500
424
523
16
514
22
623
406
628
656
621
113
592
457
542
613
494
316
496
677
454
572
432
307
429
494
404
638
385
470
380
261
362
650
335
883
416
698
537
614
573
556
582
448
564
302
588
1091
612
1192
561
1171
547
1102
386
1112
328
1132
420
1128
253
1075
208
983
144
1009
235
1074
363
1011
338
960
133
