[148,487]
[137,515]
[145,623]
[56,618]
[5,549]
[121,616]
[64,555]
[61,478]
[79,483]
[127,593]
[103,451]
[180,498]
[162,419]
[249,519]
[173,413]
[111,371]
[99,330]
[33,242]
[41,483]
[31,543]
[13,162]
[64,141]
[91,159]
[154,166]
[192,136]
[120,140]
[78,46]
[86,24]
[122,6]
[418,13]
[230,44]
[288,158]
[281,209]
[181,44]
[270,291]
[353,87]
[269,417]
[181,359]
[142,268]
[181,248]
[235,324]
[258,345]
[209,240]
[126,227]
[216,175]
[43,179]
[295,543]
[333,239]
[343,397]
[337,433]
[411,502]
[611,531]
[575,556]
[482,560]
[811,585]
[680,527]
[985,570]
[693,502]
[505,499]
[595,394]
[541,404]
[508,436]
[491,409]
[632,283]
[609,402]
[579,466]
[629,470]
[622,441]
[662,361]
[709,396]
[714,481]
[652,489]
[784,499]
[746,425]
[731,370]
[747,285]
[739,273]
[627,239]
[666,284]
[535,233]
[552,311]
[538,320]
[524,319]
[526,202]
[478,293]
[462,300]
[485,261]
[439,290]
[416,232]
[488,183]
[397,224]
[416,334]
[442,323]
[458,333]
[514,308]
[485,371]
[500,383]
[382,423]
[372,227]
[350,132]
[506,136]
[788,265]
[472,76]
[508,43]
[389,45]
[559,8]
[702,20]
[557,90]
[821,215]
[901,296]
[761,223]
[920,385]
[920,399]
[902,403]
[859,376]
[949,467]
[923,477]
[848,385]
[862,463]
[817,325]
[789,327]
[861,486]
[745,346]
[827,525]
[1178,583]
[1111,550]
[1185,513]
[1165,450]
[1136,438]
[1093,487]
[1158,484]
[994,516]
[992,494]
[1022,342]
[1060,280]
[1063,402]
[1096,396]
[1231,448]
[1151,386]
[1117,319]
[1105,320]
[1106,369]
[1082,269]
[1031,264]
[969,520]
[897,202]
[921,126]
[942,141]
[996,320]
[989,104]
[866,105]
[921,44]
[743,52]
[704,71]
[866,86]
[741,107]
[843,154]
[883,222]
[599,74]
[774,13]
[1001,2]
[1084,74]
[1074,86]
[1163,64]
[1072,42]
[1079,13]
[1230,9]
[1272,47]
[1150,78]
[1150,95]
[1213,72]
[1247,103]
[1249,133]
[1179,132]
[1263,181]
[1268,241]
[1248,383]
[1184,250]
[1228,260]
[1243,242]
[1186,232]
[1113,81]
[1129,169]
[1219,349]
[1204,351]
[1121,248]
[1080,165]
[980,61]
[1274,490]
[1268,577]
[1261,544]
[1217,616]
[590,626]
[727,607]
[1081,612]
[468,584]
[429,571]
[321,450]
[363,620]
[210,565]
