1230
160
575
74
652
97
448
235
529
64
605
23
1023
107
768
72
803
86
1161
146
923
55
978
56
1234
117
948
35
864
62
787
22
998
5
733
7
121
27
89
43
173
144
201
140
266
101
175
57
264
34
298
45
331
154
193
170
125
161
281
278
140
349
115
378
154
404
79
448
93
315
169
244
26
272
10
364
13
552
487
504
630
469
239
498
60
480
470
378
393
389
421
365
583
365
394
436
366
412
183
480
420
453
646
354
436
296
261
348
355
217
276
217
517
28
358
262
876
206
847
235
706
248
1020
401
859
423
942
400
874
342
683
309
758
349
773
482
577
521
562
580
322
549
364
592
500
630
710
619
552
606
753
580
850
594
855
610
944
580
911
548
1042
533
998
549
1122
630
1212
590
1219
410
1228
547
1277
328
1241
289
1216
374
1185
317
1092
404
1180
523
1022
522
613
554
1069
466
1101
255
1012
164
814
171
544
194
787
141
