[993,515]
[664,512]
[60,384]
[133,464]
[719,550]
[872,525]
[942,557]
[865,548]
[778,586]
[320,553]
[783,568]
[81,494]
[70,532]
[79,569]
[835,603]
[947,600]
[1233,433]
[967,560]
[1083,479]
[827,387]
[474,421]
[391,407]
[531,393]
[628,331]
[438,338]
[377,320]
[353,398]
[263,331]
[329,303]
[377,271]
[434,260]
[942,400]
[1057,369]
[577,162]
[839,204]
[880,250]
[685,193]
[800,246]
[947,291]
[1166,300]
[1214,154]
[1188,360]
[1268,210]
[1237,83]
[1176,42]
[1195,154]
[1149,127]
[965,149]
[951,138]
[974,100]
[1122,102]
[838,9]
[709,15]
[860,106]
[1068,278]
[754,148]
[789,150]
[524,52]
[179,44]
[343,63]
[360,108]
[561,207]
[637,250]
[732,326]
[166,177]
[330,85]
[27,26]
[48,196]
[126,306]
[372,438]
