710
63
966
49
784
86
988
88
878
152
900
107
759
204
1082
158
913
155
1122
85
944
27
646
51
608
18
436
56
457
3
6
3
367
36
535
145
611
142
590
29
649
119
656
170
600
340
661
320
569
374
243
420
474
367
394
334
334
255
371
281
357
113
583
284
434
84
296
75
13
237
60
374
102
304
97
250
158
201
187
206
248
254
142
333
156
481
855
374
749
345
872
294
1175
275
914
427
670
514
620
466
738
405
387
533
414
564
461
559
666
601
993
491
797
614
1230
611
1180
489
992
446
943
482
895
495
866
484
1207
303
1209
408
1241
361
1258
266
1230
160
850
246
672
344
