1133
570
1200
321
1166
419
1097
341
1100
451
1067
554
1067
527
829
488
740
516
903
585
320
629
300
559
383
491
649
497
1033
456
923
404
842
338
934
363
732
279
524
267
420
274
411
306
541
299
354
338
670
318
578
330
585
413
899
439
536
444
445
399
480
368
191
421
159
527
227
616
119
571
66
470
81
409
150
488
71
333
496
183
534
212
393
269
678
193
694
256
945
262
1046
366
1007
369
1087
454
1066
228
507
79
449
87
698
150
110
72
86
92
106
150
228
133
578
154
92
180
118
293
66
153
44
22
769
17
243
45
597
49
663
68
929
3
1138
62
1205
140
1261
321
1165
492
