[1251,315]
[1194,406]
[1166,353]
[1161,379]
[1175,376]
[1157,421]
[1135,303]
[1115,335]
[1040,325]
[711,246]
[1174,289]
[1252,98]
[1229,15]
[918,24]
[1155,56]
[1237,84]
[1168,117]
[1018,263]
[892,221]
[706,154]
[598,152]
[626,210]
[771,312]
[643,332]
[624,312]
[607,383]
[873,408]
[781,359]
[876,317]
[1149,403]
[1101,429]
[559,434]
[517,465]
[505,327]
[546,376]
[557,298]
[549,185]
[525,242]
[511,116]
[618,260]
[690,314]
[510,99]
[399,154]
[437,276]
[514,228]
[425,298]
[320,243]
[384,212]
[312,164]
[405,118]
[632,49]
[802,120]
[1035,173]
[1021,204]
[1053,219]
[1028,135]
[956,82]
[884,58]
[1176,104]
[749,1]
[1000,147]
[712,27]
[295,25]
[216,7]
[185,154]
[224,123]
[217,166]
[143,259]
[120,207]
[160,20]
[6,121]
[5,326]
[62,362]
[168,332]
[218,274]
[330,64]
[184,388]
[277,491]
[414,334]
[549,266]
[222,558]
[150,504]
[96,608]
[467,613]
[461,595]
[933,606]
[1176,580]
[767,589]
[933,508]
[1013,539]
[1042,497]
[949,495]
[764,528]
[731,508]
[317,557]
[647,476]
[637,438]
[942,442]
[647,499]
[1232,466]
