[464,11]
[378,3]
[499,83]
[758,104]
[672,50]
[869,57]
[955,88]
[874,71]
[953,104]
[1105,119]
[1196,216]
[1178,213]
[1160,230]
[1058,120]
[1063,146]
[481,103]
[578,133]
[797,155]
[982,154]
[815,176]
[653,168]
[412,134]
[430,110]
[347,123]
[443,170]
[340,169]
[282,216]
[352,215]
[558,167]
[612,174]
[524,229]
[455,214]
[443,228]
[316,295]
[216,151]
[233,96]
[385,46]
[170,51]
[65,115]
[110,122]
[112,273]
[80,301]
[62,221]
[38,161]
[54,82]
[11,146]
[129,461]
[43,290]
[9,174]
[24,367]
[35,366]
[123,492]
[159,493]
[196,460]
[178,391]
[178,327]
[220,323]
[235,446]
[285,455]
[189,474]
[221,507]
[296,477]
[337,468]
[404,525]
[390,491]
[256,298]
[312,400]
[210,294]
[171,306]
[111,404]
[182,185]
[468,527]
[432,408]
[516,540]
[549,533]
[524,518]
[562,517]
[636,563]
[386,532]
[321,560]
[615,609]
[584,615]
[397,581]
[360,607]
[304,609]
[293,572]
[293,615]
[220,575]
[376,510]
[171,573]
[11,384]
[21,576]
[157,625]
[378,629]
[739,623]
[427,563]
[645,591]
[892,590]
[725,540]
[683,542]
[573,462]
[452,427]
[506,402]
[653,491]
[660,477]
[645,450]
[584,381]
[530,399]
[402,360]
[510,330]
[570,343]
[625,389]
[708,347]
[760,340]
[795,435]
[862,471]
[823,349]
[891,445]
[868,510]
[759,445]
[776,419]
[638,422]
[767,483]
[816,528]
[630,497]
[1056,620]
[811,319]
[606,348]
[621,270]
[672,226]
[698,218]
[686,250]
[785,251]
[967,479]
[991,455]
[950,398]
[903,367]
[932,368]
[893,337]
[897,327]
[969,375]
[1099,445]
[1070,540]
[1075,469]
[1049,543]
[1004,508]
[999,537]
[1121,609]
[1197,462]
[1219,456]
[1257,545]
[1240,562]
[1269,556]
[1277,533]
[1236,447]
[1280,496]
[1215,348]
[1269,444]
[1215,307]
[1158,436]
[1230,414]
[1160,453]
[1132,435]
[1148,489]
[1084,398]
[1034,393]
[1122,388]
[1046,359]
[1018,355]
[1127,309]
[1005,204]
[778,217]
[984,299]
[985,348]
[1020,395]
[971,360]
[906,280]
[689,201]
[571,269]
[594,280]
[508,280]
[478,301]
[604,296]
[332,345]
[656,191]
[1018,185]
[1148,283]
[1147,436]
[1268,151]
[1239,101]
[1163,43]
[1243,46]
[1273,84]
[1236,7]
[909,21]
[1168,58]
[1174,79]
[1030,53]
[1201,114]
[790,4]
