[743,185]
[358,144]
[549,265]
[711,247]
[617,624]
[627,407]
[488,465]
[619,319]
[357,183]
[354,214]
[469,303]
[380,442]
[397,382]
[326,425]
[281,435]
[426,584]
[521,516]
[404,518]
[561,490]
[544,524]
[475,579]
[395,616]
[184,422]
[131,356]
[276,625]
[65,274]
[106,425]
[173,544]
[81,554]
[225,585]
[21,629]
[8,569]
[19,512]
[104,517]
[75,407]
[39,209]
[219,440]
[252,405]
[400,317]
[283,288]
[333,38]
[158,59]
[174,176]
[196,163]
[241,171]
[250,310]
[102,265]
[37,39]
[113,90]
[146,15]
[1175,21]
[1148,38]
[1011,100]
[1077,57]
[448,32]
[581,115]
[549,117]
[515,83]
[364,112]
[805,170]
[605,45]
[937,119]
[1073,103]
[1096,79]
[1167,88]
[1062,128]
[1209,164]
[1269,94]
[1245,159]
[1192,274]
[1126,282]
[831,265]
[864,157]
[1073,265]
[845,119]
[741,274]
[776,330]
[1162,308]
[1207,291]
[1148,356]
[1039,386]
[1000,359]
[851,351]
[793,397]
[821,447]
[890,515]
[892,413]
[1123,392]
[1279,507]
[1261,584]
[1150,614]
[1209,475]
[1164,539]
[1023,589]
[982,582]
[1191,448]
[838,630]
[762,573]
[727,492]
[656,554]
