[1177,189]
[1204,158]
[949,145]
[567,170]
[751,101]
[670,69]
[1000,112]
[982,131]
[1264,143]
[1263,32]
[598,11]
[1057,73]
[990,92]
[421,30]
[389,57]
[304,40]
[129,135]
[467,95]
[535,81]
[254,212]
[231,245]
[211,214]
[217,258]
[257,278]
[179,426]
[74,337]
[160,312]
[47,82]
[21,165]
[19,337]
[186,506]
[132,497]
[46,582]
[100,618]
[256,628]
[839,628]
[733,608]
[174,599]
[286,371]
[290,257]
[330,239]
[351,291]
[238,541]
[486,506]
[456,498]
[417,336]
[567,503]
[519,543]
[842,542]
[696,523]
[593,472]
[797,506]
[548,422]
[859,500]
[595,278]
[760,394]
[775,386]
[920,456]
[724,331]
[587,260]
[579,352]
[616,366]
[624,355]
[810,471]
[565,404]
[531,410]
[507,237]
[394,253]
[372,374]
[369,164]
[1077,324]
[879,301]
[969,351]
[1049,363]
[983,371]
[761,312]
[519,217]
[620,263]
[1113,510]
[1067,539]
[888,569]
[500,571]
[232,553]
[348,573]
[1153,624]
[1128,482]
[1238,499]
[1230,338]
[1175,438]
[1082,485]
[1190,393]
[1235,287]
[1215,236]
[1161,203]
[1101,227]
[994,242]
[821,230]
[1029,266]
[1029,281]
[507,189]
