[294,364]
[114,499]
[320,414]
[424,268]
[557,187]
[610,175]
[477,367]
[274,461]
[317,468]
[744,232]
[779,158]
[907,245]
[750,277]
[804,273]
[594,429]
[579,417]
[652,370]
[411,467]
[501,387]
[262,520]
[704,476]
[621,549]
[715,571]
[336,578]
[582,609]
[532,585]
[753,605]
[1047,610]
[792,561]
[684,546]
[853,364]
[608,458]
[1011,202]
[1168,167]
[1069,249]
[1185,546]
[875,495]
[1153,517]
[1082,472]
[991,455]
[1015,223]
[984,387]
[819,517]
[1214,609]
[1271,562]
[1279,270]
[1250,468]
[1122,351]
[1203,211]
[1237,93]
[553,81]
[1100,41]
[1116,15]
[632,62]
[372,54]
[747,9]
[1,25]
[57,132]
[19,261]
[129,296]
[239,27]
[232,235]
[261,261]
[288,267]
[434,155]
[433,140]
[326,115]
[380,78]
[1175,149]
[510,136]
