911
394
465
500
436
496
314
540
564
559
664
477
894
530
1062
386
644
218
946
300
749
204
845
208
1014
240
1124
354
948
121
773
103
770
84
866
47
450
40
587
63
518
106
928
133
760
133
575
163
819
166
578
211
407
27
900
18
1088
147
1093
208
1066
261
1127
251
1204
271
1097
459
1080
446
1140
358
903
598
219
543
28
532
242
589
728
623
863
625
1042
616
1136
552
1217
438
1216
354
1175
401
1090
565
1228
259
1208
104
1185
73
1200
28
1160
51
1211
202
1005
1
148
8
384
259
436
264
401
283
409
321
557
263
369
186
220
57
317
53
434
70
443
136
581
252
631
342
656
417
562
368
395
379
329
372
296
337
194
152
148
41
55
257
91
93
15
114
3
105
19
241
56
339
126
109
134
249
227
339
272
368
232
326
191
261
309
395
220
437
172
371
113
265
128
488
328
508
514
468
422
467
292
420
694
433
784
343
673
307
627
223
