610
392
599
288
614
277
685
249
696
306
843
388
844
452
660
358
614
361
809
470
352
301
758
482
295
343
460
428
456
439
308
381
184
323
257
319
474
383
397
345
172
197
387
248
453
313
499
331
560
277
476
119
434
196
184
116
245
79
1
137
256
153
128
161
168
363
300
543
263
468
417
572
220
566
113
466
145
394
112
238
2
310
1
447
71
358
48
593
258
602
537
574
391
615
438
627
724
617
438
531
743
572
370
500
558
516
979
585
364
456
953
512
1279
532
1263
283
1234
303
1159
290
1099
339
1181
318
1093
475
1039
496
966
403
1081
399
1022
293
857
244
845
262
787
261
981
480
515
84
547
98
685
68
1009
251
1043
228
1078
230
1068
347
1094
248
1085
202
1058
149
1010
140
951
203
839
140
803
99
864
48
1036
87
1269
261
1233
114
1176
6
1137
16
1152
113
1038
26
893
22
401
67
246
58
151
39
330
2
29
38
533
110
