[350,99]
[1046,143]
[144,149]
[561,194]
[1061,156]
[1053,201]
[123,278]
[277,375]
[218,406]
[134,387]
[57,353]
[81,61]
[41,37]
[27,426]
[100,498]
[155,614]
[245,504]
[326,346]
[225,314]
[555,284]
[284,284]
[980,229]
[1001,365]
[1154,353]
[1159,433]
[960,528]
[881,296]
[692,472]
[866,355]
[810,474]
[755,540]
[472,553]
[592,414]
[562,309]
[599,270]
[446,382]
[278,598]
[622,619]
[943,624]
[909,612]
[1048,574]
[397,584]
[1103,558]
[1227,353]
[1203,338]
[1234,125]
[1228,100]
[905,113]
[808,69]
[621,79]
