[260,86]
[530,257]
[488,259]
[485,242]
[449,250]
[357,212]
[137,48]
[149,75]
[211,125]
[354,222]
[468,278]
[469,292]
[374,253]
[284,183]
[218,184]
[207,173]
[199,184]
[302,268]
[303,205]
[372,295]
[477,308]
[560,265]
[523,339]
[451,363]
[221,296]
[116,221]
[22,177]
[113,169]
[150,215]
[333,320]
[131,150]
[230,152]
[10,76]
[26,291]
[1,340]
[5,534]
[27,473]
[42,296]
[78,216]
[137,331]
[119,329]
[72,283]
[98,378]
[118,381]
[175,340]
[177,324]
[189,341]
[189,373]
[224,363]
[355,389]
[248,341]
[266,360]
[133,274]
[463,399]
[174,517]
[62,537]
[85,473]
[50,469]
[84,463]
[103,466]
[107,513]
[159,437]
[300,426]
[356,408]
[148,410]
[88,389]
[55,288]
[30,570]
[343,543]
[206,534]
[601,374]
[431,459]
[939,241]
[1043,279]
[1016,296]
[913,274]
[884,321]
[910,315]
[995,344]
[1040,343]
[946,316]
[928,300]
[1054,325]
[1098,112]
[940,114]
[944,127]
[845,105]
[953,87]
[1081,83]
[1165,116]
[1142,298]
[1109,412]
[1036,452]
[1136,257]
[1012,436]
[987,439]
[976,413]
[1045,360]
[923,349]
[678,440]
[619,426]
[928,332]
[816,360]
[753,365]
[882,300]
[720,369]
[771,332]
[330,517]
[362,530]
[722,527]
[773,463]
[935,420]
[962,359]
[957,429]
[752,534]
[527,559]
[480,536]
[130,584]
[971,556]
[161,622]
[459,616]
[751,602]
[743,614]
[441,627]
[1050,630]
[1210,612]
[1022,583]
[1266,606]
[1242,418]
[1225,422]
[1255,560]
[531,600]
[1082,561]
[980,545]
[1034,536]
[1131,505]
[1142,490]
[968,533]
[1094,466]
[811,528]
[1149,422]
[1096,481]
[1208,445]
[1248,261]
[1276,359]
[1276,36]
[1206,221]
[1207,290]
[1176,281]
[1186,327]
[1212,320]
[1177,442]
[1145,375]
[1205,103]
[1067,67]
[677,56]
[676,66]
[882,77]
[752,108]
[576,80]
[662,77]
[423,24]
[770,25]
[958,25]
[537,42]
[1135,57]
[1089,26]
[1012,9]
[243,5]
[322,74]
[236,56]
[265,76]
[321,90]
[394,131]
[405,82]
[350,69]
[321,45]
[771,140]
[672,141]
[569,110]
[531,126]
[591,136]
[653,189]
[747,190]
[757,174]
[886,183]
[822,222]
[785,232]
[846,200]
[689,247]
[710,211]
[807,202]
[547,199]
[500,127]
[525,96]
[417,155]
[702,281]
[962,213]
[518,394]
[591,262]
