[967,480]
[1032,490]
[1076,277]
[1055,450]
[1069,460]
[1168,482]
[1169,371]
[1135,296]
[1154,293]
[1236,414]
[1248,623]
[1167,591]
[1198,546]
[1074,615]
[785,534]
[979,387]
[840,262]
[754,447]
[688,343]
[723,577]
[534,624]
[334,618]
[476,569]
[569,549]
[278,316]
[267,320]
[296,384]
[339,399]
[496,514]
[289,544]
[252,386]
[263,510]
[296,618]
[96,407]
[105,595]
[50,606]
[6,559]
[29,426]
[106,330]
[76,351]
[94,236]
[40,30]
[252,560]
[186,363]
[191,210]
[252,213]
[349,325]
[713,532]
[526,377]
[596,400]
[646,337]
[592,262]
[415,154]
[472,198]
[463,239]
[541,329]
[576,292]
[588,331]
[466,388]
[433,173]
[414,186]
[390,124]
[674,137]
[694,115]
[709,56]
[769,68]
[744,116]
[750,139]
[576,244]
[954,138]
[1031,152]
[1028,230]
[976,293]
[995,290]
[1132,166]
[1022,72]
[971,52]
[891,145]
[820,70]
[735,28]
[349,55]
[257,107]
[401,82]
[342,178]
[402,215]
[429,218]
[426,310]
[169,44]
[352,14]
[770,1]
[1028,11]
[1233,167]
[1097,24]
[1222,96]
[1271,174]
[1254,241]
[1102,87]
[1186,266]
[1275,381]
[1088,217]
