841
612
872
538
805
613
881
421
849
412
902
345
962
341
965
471
978
286
556
317
525
295
486
399
684
323
764
304
517
411
831
334
706
560
688
505
630
535
560
547
595
588
404
600
705
453
708
432
776
413
777
376
704
369
449
444
445
322
437
267
694
266
750
235
627
231
625
253
454
182
516
201
844
219
1097
291
1192
494
1218
490
1187
285
1155
253
346
133
343
95
461
127
668
152
491
52
106
57
124
190
225
129
166
247
266
99
221
250
80
471
96
536
104
505
451
155
277
361
195
477
262
422
246
549
441
513
452
471
546
477
705
391
576
511
28
622
15
504
81
373
12
404
54
375
29
172
51
101
73
123
58
242
142
351
66
57
236
12
681
6
907
25
781
34
603
21
232
35
945
58
1277
46
1265
122
873
131
688
89
1171
247
1227
301
1217
332
1275
630
1075
629
1231
573
1206
570
979
585
1117
561
1062
323
1019
492
928
569
