[1016,152]
[971,177]
[913,133]
[834,156]
[864,176]
[953,189]
[707,205]
[1126,217]
[1007,280]
[721,234]
[654,197]
[1233,30]
[1079,29]
[868,49]
[482,140]
[931,66]
[965,99]
[786,138]
[318,196]
[328,281]
[367,244]
[478,297]
[541,289]
[559,271]
[746,470]
[575,339]
[270,286]
[274,241]
[212,252]
[247,281]
[303,377]
[122,387]
[217,282]
[192,247]
[179,58]
[269,53]
[466,52]
[304,163]
[821,21]
[729,35]
[348,25]
[167,37]
[25,217]
[10,278]
[12,625]
[34,553]
[101,550]
[79,444]
[168,562]
[163,502]
[234,532]
[328,518]
[104,457]
[230,444]
[287,491]
[473,496]
[555,466]
[569,387]
[527,399]
[500,434]
[436,419]
[225,430]
[436,354]
[589,370]
[722,516]
[899,538]
[918,521]
[880,486]
[1068,405]
[981,496]
[1062,526]
[1035,528]
[822,581]
[1093,588]
[673,595]
[806,567]
[321,572]
[194,529]
[205,589]
[399,603]
[1200,614]
[1094,600]
[1174,573]
[1252,465]
[1232,412]
[1212,403]
[1215,464]
[1116,529]
[1152,332]
[1101,315]
[997,317]
[1013,329]
[974,352]
[880,439]
[809,472]
[482,187]
[789,328]
[1252,261]
[1228,217]
[1069,144]
