[274,555]
[184,393]
[134,614]
[1085,630]
[487,583]
[969,503]
[1212,541]
[1102,537]
[926,590]
[1267,570]
[1280,526]
[1263,255]
[1241,208]
[1259,496]
[957,409]
[904,425]
[939,364]
[1117,345]
[1114,434]
[1235,48]
[913,43]
[534,87]
[510,114]
[873,87]
[732,199]
[555,369]
[630,402]
[367,347]
[665,463]
[789,336]
[834,195]
[817,463]
[317,532]
[352,161]
[409,227]
[435,222]
[508,234]
[495,361]
[690,156]
[204,95]
[51,173]
[66,214]
[30,310]
[143,139]
[110,423]
[201,195]
[138,411]
[205,263]
[286,276]
[313,395]
