[1188,19]
[980,172]
[865,184]
[414,476]
[451,288]
[326,446]
[292,437]
[277,348]
[283,315]
[778,171]
[559,244]
[526,310]
[996,90]
[928,46]
[438,149]
[177,175]
[169,69]
[806,54]
[390,45]
[1022,22]
[156,4]
[144,31]
[139,212]
[189,217]
[16,247]
[57,356]
[158,277]
[556,131]
[170,300]
[103,410]
[323,490]
[116,551]
[168,490]
[22,459]
[136,623]
[450,610]
[339,554]
[678,337]
[710,393]
[738,312]
[815,324]
[897,352]
[862,384]
[575,425]
[565,498]
[706,515]
[825,466]
[1026,304]
[982,236]
[729,292]
[1083,159]
[980,218]
[1185,424]
[1209,417]
[1202,432]
[1040,505]
[1063,309]
[948,483]
[960,431]
[779,593]
[759,577]
[388,545]
[909,622]
[1057,606]
[1212,543]
[1277,348]
[1246,407]
[1248,291]
[1219,58]
[1160,333]
