1070
385
1046
173
840
183
733
145
672
266
642
250
586
151
478
201
681
377
561
242
953
362
841
262
852
223
1038
445
682
403
292
180
234
189
340
104
476
71
461
124
595
93
674
196
691
112
706
89
950
63
1043
117
996
11
994
59
819
19
549
13
312
28
32
91
39
148
132
147
243
74
185
288
180
255
78
300
65
384
412
400
232
331
274
193
665
422
426
481
878
453
916
470
942
499
646
501
282
523
428
448
108
456
322
545
361
539
544
582
225
563
310
610
307
587
547
597
769
578
629
540
551
516
1254
567
1232
307
1275
411
1274
158
1209
318
1167
256
1141
143
1145
276
1099
29
