[876,601]
[1037,553]
[1246,582]
[1196,588]
[1114,626]
[1259,602]
[1271,569]
[695,487]
[1115,529]
[1128,450]
[1190,400]
[1176,289]
[1250,242]
[1227,293]
[1196,317]
[1233,401]
[1148,479]
[1241,530]
[1256,520]
[1226,499]
[1274,395]
[1273,214]
[1247,18]
[811,66]
[1217,44]
[1165,99]
[1224,118]
[1110,231]
[1150,253]
[1137,234]
[1242,128]
[1042,453]
[978,446]
[1035,396]
[926,343]
[850,347]
[888,351]
[948,413]
[872,398]
[785,330]
[688,231]
[795,399]
[645,214]
[597,135]
[654,151]
[817,238]
[670,195]
[956,337]
[836,183]
[832,196]
[725,124]
[695,50]
[718,56]
[835,169]
[875,191]
[934,248]
[997,278]
[926,182]
[1031,237]
[1073,239]
[1050,427]
[1112,173]
[1104,163]
[1055,192]
[1061,167]
[1099,135]
[1119,137]
[1150,75]
[1009,116]
[994,97]
[896,92]
[969,62]
[877,78]
[828,97]
[1008,134]
[981,164]
[1082,98]
[988,208]
[918,135]
[864,123]
[952,251]
[780,74]
[768,13]
[928,32]
[905,52]
[1035,23]
[944,22]
[807,3]
[624,3]
[726,25]
[486,4]
[454,58]
[526,23]
[880,256]
[516,62]
[842,492]
[524,215]
[550,282]
[594,356]
[812,482]
[639,463]
[529,282]
[465,224]
[405,101]
[486,227]
[459,166]
[512,179]
[592,241]
[631,291]
[772,405]
[615,230]
[415,55]
[387,75]
[444,270]
[353,14]
[331,53]
[91,15]
[106,54]
[307,164]
[319,209]
[332,190]
[327,162]
[203,97]
[239,106]
[354,51]
[398,225]
[359,243]
[383,250]
[311,259]
[355,196]
[293,261]
[204,178]
[183,178]
[296,391]
[242,360]
[287,415]
[141,291]
[117,307]
[218,396]
[157,367]
[63,261]
[46,168]
[47,75]
[83,127]
[225,358]
[84,45]
[41,52]
[2,138]
[31,321]
[54,371]
[59,335]
[99,391]
[85,415]
[5,357]
[100,508]
[144,525]
[159,504]
[153,464]
[53,270]
[67,291]
[253,507]
[256,409]
[330,471]
[409,334]
[396,414]
[364,476]
[500,373]
[438,328]
[388,315]
[318,344]
[324,372]
[246,274]
[477,314]
[513,369]
[549,485]
[473,443]
[558,527]
[509,540]
[437,473]
[364,557]
[327,509]
[112,548]
[110,567]
[41,472]
[2,477]
[17,614]
[81,605]
[60,571]
[216,630]
[532,610]
[242,607]
[240,573]
[195,544]
[434,579]
[406,529]
[580,619]
[725,558]
[613,525]
[452,235]
[640,483]
