[391,630]
[615,560]
[369,583]
[290,571]
[431,520]
[955,238]
[936,274]
[761,396]
[797,399]
[946,308]
[834,419]
[520,480]
[870,448]
[880,396]
[894,450]
[722,563]
[742,496]
[798,483]
[596,482]
[681,575]
[786,571]
[1033,438]
[1083,316]
[1049,220]
[1030,307]
[943,436]
[980,209]
[635,295]
[372,220]
[593,233]
[797,196]
[1089,193]
[1149,234]
[1166,310]
[1121,287]
[1101,486]
[1145,527]
[1122,497]
[1174,495]
[1212,403]
[1207,239]
[1198,212]
[970,133]
[1132,103]
[1085,81]
[1033,69]
[939,100]
[866,141]
[950,147]
[474,186]
[523,155]
[171,233]
[205,304]
[490,315]
[286,271]
[661,310]
[364,384]
[328,411]
[495,398]
[855,270]
[757,334]
[123,501]
[169,446]
[366,325]
[112,381]
[106,542]
[212,551]
[329,509]
[220,617]
[66,628]
[44,573]
[45,406]
[221,126]
[156,178]
[24,352]
[87,142]
[77,270]
[144,143]
[310,79]
[107,107]
[270,20]
[581,1]
[1231,43]
[693,36]
[415,97]
[464,43]
[263,156]
[484,99]
[460,129]
[279,194]
[844,59]
[1251,60]
[1267,605]
[1248,462]
[1213,610]
[1201,589]
[1058,509]
[1077,483]
[1073,386]
[1012,583]
