[882,315]
[887,292]
[755,327]
[779,384]
[877,451]
[882,542]
[911,448]
[811,372]
[954,409]
[964,445]
[956,460]
[951,437]
[911,468]
[942,580]
[959,582]
[1009,488]
[1021,429]
[918,364]
[1093,313]
[1031,391]
[1060,561]
[1040,579]
[947,596]
[817,576]
[783,490]
[782,551]
[674,416]
[689,383]
[706,380]
[857,476]
[804,520]
[858,491]
[873,473]
[686,335]
[418,332]
[518,318]
[792,232]
[741,103]
[784,142]
[763,88]
[731,93]
[705,143]
[716,181]
[695,212]
[575,288]
[559,284]
[588,205]
[703,117]
[448,83]
[762,69]
[956,86]
[798,96]
[846,229]
[895,210]
[1019,131]
[886,174]
[1069,98]
[1083,121]
[1067,169]
[1009,191]
[1146,178]
[892,241]
[790,282]
[1233,181]
[1133,107]
[1125,158]
[1100,177]
[1104,73]
[1242,82]
[1228,62]
[1107,51]
[833,162]
[994,79]
[989,53]
[226,71]
[257,46]
[344,54]
[1140,34]
[923,5]
[192,4]
[73,16]
[893,22]
[378,34]
[58,51]
[87,83]
[139,100]
[311,112]
[553,107]
[348,218]
[453,150]
[252,155]
[392,143]
[420,125]
[16,113]
[87,156]
[316,180]
[302,169]
[390,168]
[325,204]
[238,205]
[37,156]
[90,311]
[64,191]
[410,266]
[366,303]
[459,244]
[300,233]
[374,227]
[598,119]
[401,331]
[184,254]
[312,277]
[355,277]
[178,226]
[146,235]
[490,590]
[147,271]
[406,550]
[381,559]
[200,352]
[190,380]
[266,521]
[90,262]
[134,358]
[12,268]
[44,312]
[153,387]
[152,447]
[176,420]
[188,530]
[74,336]
[37,348]
[5,303]
[17,426]
[48,422]
[65,560]
[62,478]
[72,414]
[19,381]
[105,405]
[164,564]
[91,593]
[178,613]
[506,626]
[665,577]
[555,570]
[662,523]
[602,436]
[580,447]
[579,510]
[480,547]
[468,477]
[406,456]
[316,363]
[291,379]
[239,317]
[314,307]
[487,455]
[543,360]
[514,447]
[571,388]
[583,348]
[602,375]
[485,517]
[661,346]
[648,441]
[690,532]
[700,526]
[792,598]
[1227,629]
[1257,601]
[1187,592]
[1261,530]
[1229,514]
[1131,568]
[1170,495]
[1057,603]
[1153,447]
[1057,577]
[1132,443]
[1173,398]
[1223,375]
[1238,415]
[1139,483]
[1207,457]
[1177,529]
[1233,480]
[1278,391]
[1279,302]
[1182,328]
[1137,357]
[1157,366]
[1201,354]
[1112,446]
[1073,540]
[1062,402]
[1179,263]
[957,337]
[988,300]
[1248,216]
