[374,482]
[366,376]
[383,309]
[364,318]
[342,280]
[353,267]
[406,277]
[321,205]
[472,204]
[483,270]
[548,190]
[521,174]
[335,170]
[493,81]
[754,59]
[876,165]
[798,104]
[646,136]
[596,132]
[625,232]
[562,214]
[497,307]
[560,361]
[574,355]
[582,378]
[623,351]
[555,285]
[516,306]
[551,266]
[583,273]
[701,429]
[590,448]
[590,418]
[529,443]
[559,421]
[463,378]
[475,367]
[431,249]
[424,341]
[552,496]
[388,423]
[471,512]
[736,542]
[901,533]
[637,486]
[805,460]
[559,475]
[766,420]
[765,450]
[789,418]
[693,400]
[784,396]
[713,331]
[846,380]
[788,307]
[771,261]
[851,361]
[881,280]
[898,344]
[903,266]
[829,261]
[834,316]
[747,207]
[673,214]
[679,280]
[697,267]
[713,272]
[711,228]
[751,330]
[713,301]
[671,378]
[629,187]
[675,151]
[761,151]
[909,202]
[941,302]
[861,423]
[813,478]
[748,481]
[911,502]
[1022,503]
[1089,540]
[866,554]
[591,607]
[272,607]
[474,597]
[532,569]
[346,556]
[449,554]
[541,539]
[318,518]
[253,556]
[301,572]
[494,580]
[163,588]
[144,547]
[153,434]
[130,437]
[126,566]
[39,435]
[56,192]
[47,175]
[26,316]
[15,320]
[32,170]
[66,56]
[69,354]
[122,384]
[105,323]
[222,360]
[260,400]
[54,398]
[129,413]
[189,433]
[235,478]
[205,540]
[331,467]
[227,303]
[270,345]
[248,176]
[213,84]
[216,180]
[237,252]
[219,255]
[167,195]
[186,276]
[263,371]
[98,285]
[135,48]
[162,32]
[7,17]
[1,599]
[287,619]
[693,617]
[1087,555]
[1204,522]
[1170,550]
[835,630]
[1104,629]
[1196,583]
[1174,585]
[1234,522]
[1116,499]
[1182,357]
[1218,377]
[1194,452]
[1244,494]
[1265,457]
[1268,300]
[1213,209]
[1231,319]
[1185,325]
[1089,518]
[1039,455]
[1200,253]
[1174,227]
[1226,183]
[1253,254]
[1263,180]
[1234,162]
[1191,161]
[1157,216]
[1140,286]
[1123,222]
[1154,79]
[1256,75]
[1201,39]
[946,61]
[951,129]
[1132,135]
[1068,189]
[1084,292]
[1108,177]
[1127,330]
[1008,377]
[998,320]
[1002,267]
[1012,288]
[1074,307]
[1052,157]
[974,179]
[990,189]
[955,454]
[952,395]
[848,490]
[978,257]
[864,36]
[509,41]
[519,28]
[783,20]
[506,1]
[300,5]
[377,12]
[326,51]
[233,23]
[229,7]
[174,74]
[305,84]
[590,47]
[274,111]
