[831,158]
[852,169]
[876,127]
[760,158]
[701,148]
[469,80]
[622,104]
[1008,133]
[645,84]
[886,74]
[1101,129]
[1125,153]
[1063,165]
[915,153]
[1172,207]
[1253,199]
[1263,64]
[1236,129]
[986,54]
[1237,99]
[1194,37]
[1056,7]
[607,7]
[977,31]
[358,27]
[287,62]
[392,152]
[38,56]
[62,160]
[132,251]
[115,133]
[449,174]
[503,125]
[994,238]
[799,234]
[752,269]
[953,258]
[976,337]
[557,250]
[844,218]
[262,236]
[150,210]
[218,262]
[269,264]
[350,325]
[289,339]
[54,251]
[27,268]
[339,404]
[470,437]
[122,427]
[20,289]
[65,476]
[108,538]
[362,517]
[155,559]
[193,562]
[502,517]
[445,462]
[395,449]
[739,459]
[712,506]
[475,569]
[705,488]
[237,584]
[400,621]
[370,600]
[913,596]
[562,575]
[704,567]
[940,512]
[847,485]
[834,398]
[825,510]
[776,432]
[630,389]
[535,408]
[691,353]
[590,307]
[545,306]
[430,343]
[623,336]
[420,364]
[369,377]
[401,241]
[1095,369]
[1078,388]
[913,371]
[1188,451]
[1031,474]
[755,321]
[1070,538]
[1013,597]
[1108,622]
[1200,576]
[1235,539]
[1187,541]
[1239,314]
[1145,225]
[744,170]
