[1122,66]
[1023,34]
[1105,34]
[1133,28]
[1225,34]
[1119,18]
[1012,23]
[912,164]
[925,176]
[984,135]
[970,125]
[1003,113]
[1068,111]
[1188,141]
[1040,76]
[1201,89]
[1262,122]
[1241,123]
[1218,141]
[1211,177]
[1156,195]
[1068,156]
[1230,370]
[1007,174]
[959,326]
[945,206]
[798,159]
[806,146]
[869,166]
[947,72]
[945,55]
[873,99]
[862,117]
[693,135]
[921,238]
[649,170]
[665,152]
[573,106]
[645,127]
[650,99]
[673,89]
[722,89]
[801,106]
[855,73]
[690,62]
[503,104]
[610,189]
[672,189]
[852,245]
[754,243]
[591,205]
[433,136]
[326,113]
[370,218]
[634,261]
[566,227]
[430,207]
[593,218]
[1001,358]
[1049,362]
[1137,301]
[1075,374]
[767,413]
[615,446]
[854,426]
[962,475]
[830,458]
[854,472]
[1045,504]
[1210,593]
[1169,614]
[1154,583]
[1123,595]
[891,567]
[1020,566]
[1029,546]
[1119,557]
[706,448]
[607,473]
[569,469]
[541,490]
[670,501]
[706,535]
[689,493]
[670,485]
[702,476]
[765,557]
[839,551]
[772,478]
[891,543]
[863,583]
[703,587]
[381,549]
[385,576]
[782,603]
[774,618]
[715,609]
[442,612]
[275,563]
[169,468]
[164,381]
[398,541]
[472,527]
[524,539]
[565,561]
[546,539]
[542,527]
[353,476]
[340,456]
[642,379]
[751,366]
[800,382]
[843,386]
[890,346]
[824,318]
[695,300]
[843,367]
[631,307]
[244,380]
[642,329]
[544,368]
[505,369]
[577,350]
[258,392]
[510,391]
[656,349]
[517,400]
[206,403]
[178,340]
[202,273]
[288,268]
[304,304]
[318,254]
[189,201]
[140,214]
[205,259]
[118,303]
[167,300]
[89,420]
[48,371]
[41,296]
[127,148]
[116,209]
[166,116]
[186,99]
[268,45]
[309,183]
[287,194]
[398,331]
[418,299]
[616,288]
[787,289]
[345,245]
[296,79]
[406,40]
[444,116]
[434,55]
[554,25]
[797,21]
[916,40]
[843,101]
[988,8]
[377,8]
[217,38]
[63,105]
[153,73]
[19,187]
[4,234]
[14,475]
[32,593]
[39,525]
[27,359]
[82,471]
[64,506]
[131,507]
[122,443]
[78,455]
[139,422]
[176,517]
[39,611]
[384,630]
[1238,625]
[1212,511]
[1250,500]
[1164,488]
[1144,468]
[1224,445]
[1189,431]
[1081,463]
[1121,483]
[1141,479]
[1218,563]
[993,456]
[1250,400]
[1267,253]
[1274,58]
[1197,44]
[1247,78]
[1146,63]
[1175,33]
