[843,290]
[1016,264]
[951,296]
[935,308]
[991,363]
[1169,289]
[1120,295]
[1019,237]
[691,301]
[1139,149]
[1219,184]
[1205,261]
[1131,349]
[1189,478]
[1271,123]
[1059,103]
[1041,18]
[947,118]
[901,222]
[444,300]
[583,377]
[750,322]
[585,403]
[790,351]
[771,365]
[826,434]
[814,430]
[709,452]
[336,342]
[287,338]
[270,361]
[303,390]
[455,446]
[897,473]
[925,509]
[945,496]
[924,444]
[1053,440]
[1068,511]
[982,465]
[1034,559]
[456,545]
[754,598]
[483,597]
[505,586]
[389,537]
[173,549]
[181,457]
[166,328]
[350,500]
[344,523]
[569,525]
[430,497]
[248,395]
[234,337]
[397,283]
[878,174]
[426,222]
[426,238]
[208,292]
[234,211]
[258,210]
[544,183]
[455,122]
[446,159]
[375,129]
[671,61]
[808,68]
[664,103]
[598,162]
[602,190]
[936,90]
[873,56]
[600,5]
[343,20]
[652,45]
[338,85]
[125,72]
[7,38]
[67,152]
[117,108]
[73,94]
[356,105]
[268,126]
[75,204]
[32,358]
[49,504]
[74,580]
[133,206]
[104,554]
[251,615]
[490,611]
[742,623]
[1119,617]
[1255,596]
[1261,569]
[1070,568]
[1190,492]
[1035,402]
[1019,428]
