[69,161]
[45,104]
[87,254]
[68,268]
[21,478]
[27,255]
[39,249]
[9,41]
[2,626]
[223,538]
[119,496]
[62,526]
[132,133]
[160,128]
[150,74]
[113,139]
[99,250]
[90,168]
[105,47]
[130,60]
[182,58]
[203,70]
[232,217]
[215,300]
[256,341]
[203,307]
[180,124]
[102,451]
[136,453]
[183,493]
[88,466]
[292,547]
[206,587]
[137,584]
[179,618]
[262,621]
[217,614]
[332,569]
[234,449]
[134,386]
[182,395]
[316,437]
[434,590]
[378,457]
[138,336]
[463,473]
[603,447]
[546,570]
[471,571]
[498,526]
[460,561]
[438,613]
[515,617]
[746,455]
[699,465]
[624,452]
[626,436]
[898,454]
[739,351]
[694,387]
[718,405]
[560,388]
[328,400]
[690,320]
[546,308]
[429,319]
[441,283]
[507,211]
[551,235]
[511,266]
[673,288]
[912,427]
[888,427]
[1006,515]
[838,518]
[765,537]
[885,532]
[894,548]
[727,553]
[722,498]
[785,465]
[709,490]
[655,578]
[787,587]
[872,581]
[865,566]
[1026,543]
[1142,506]
[1059,606]
[1049,584]
[1015,581]
[1045,556]
[863,617]
[1050,629]
[1259,595]
[1144,489]
[1113,481]
[1053,451]
[1220,407]
[1252,337]
[1275,445]
[1276,155]
[1261,33]
[1248,30]
[1259,149]
[1203,374]
[1265,222]
[1260,290]
[1245,290]
[1214,391]
[1183,392]
[1196,286]
[1234,165]
[1175,304]
[1152,304]
[1067,242]
[1145,181]
[1239,89]
[1154,107]
[876,246]
[1059,176]
[1041,252]
[1110,374]
[1090,300]
[1102,280]
[1175,416]
[1064,407]
[1019,197]
[951,270]
[965,274]
[1002,222]
[988,404]
[1018,456]
[1082,510]
[592,211]
[411,203]
[436,172]
[365,188]
[336,214]
[380,131]
[287,137]
[311,195]
[315,213]
[341,261]
[371,216]
[403,193]
[405,228]
[345,297]
[379,286]
[439,230]
[408,269]
[383,323]
[444,342]
[577,329]
[415,366]
[271,271]
[267,105]
[281,85]
[373,66]
[387,102]
[534,138]
[442,157]
[683,216]
[681,245]
[723,264]
[747,252]
[736,182]
[704,131]
[699,160]
[587,165]
[657,134]
[690,88]
[917,126]
[715,80]
[967,123]
[931,94]
[773,62]
[754,46]
[789,20]
[1067,51]
[1064,75]
[926,50]
[1030,121]
[929,175]
[805,145]
[756,146]
[741,129]
[767,254]
[733,280]
[1182,79]
[1183,52]
[870,2]
[370,1]
[712,35]
[613,50]
[607,128]
[408,12]
[63,32]
[55,49]
[76,90]
