[1220,16]
[673,6]
[732,70]
[394,17]
[718,159]
[694,122]
[535,73]
[852,89]
[910,19]
[1164,74]
[1142,142]
[1117,111]
[938,144]
[769,464]
[595,331]
[673,367]
[815,312]
[631,153]
[425,210]
[167,178]
[578,109]
[24,95]
[51,381]
[225,399]
[210,460]
[134,493]
[564,552]
[673,591]
[34,616]
[1227,620]
[971,517]
[833,549]
[297,502]
[563,441]
[384,352]
[364,349]
[241,195]
[604,400]
[672,510]
[1186,460]
[1269,351]
[1207,247]
[933,381]
[1054,242]
[998,149]
[1080,260]
[1068,307]
[1186,229]
[1269,66]
[1191,100]
