[267,74]
[149,19]
[1246,84]
[1136,59]
[393,9]
[119,16]
[34,129]
[117,40]
[286,141]
[513,138]
[547,124]
[273,117]
[429,96]
[809,85]
[680,183]
[391,205]
[673,210]
[317,250]
[386,296]
[306,339]
[189,297]
[121,341]
[69,312]
[158,236]
[221,168]
[407,193]
[141,136]
[16,177]
[6,556]
[173,372]
[418,369]
[430,247]
[641,396]
[261,388]
[163,390]
[170,402]
[508,429]
[671,421]
[835,394]
[957,344]
[1025,193]
[1015,168]
[1083,180]
[1189,279]
[1070,319]
[786,440]
[540,504]
[103,519]
[767,556]
[988,600]
[808,608]
[667,584]
[94,582]
[121,617]
[543,623]
[1106,620]
[984,511]
[1147,583]
[1221,553]
[1221,476]
[1084,443]
[845,543]
[645,498]
[1200,338]
[1214,287]
[1128,105]
[896,185]
[624,315]
[932,69]
[491,62]
