[174,341]
[265,335]
[209,271]
[261,264]
[260,286]
[377,241]
[191,218]
[280,189]
[452,237]
[420,362]
[214,378]
[27,243]
[152,429]
[267,456]
[437,429]
[528,401]
[502,250]
[691,473]
[826,466]
[866,496]
[744,358]
[1085,537]
[312,497]
[679,573]
[230,574]
[766,625]
[1031,630]
[1097,610]
[665,549]
[1005,566]
[1179,551]
[1278,527]
[1054,496]
[1082,477]
[1163,462]
[1109,459]
[1051,366]
[1233,201]
[1239,211]
[1113,327]
[1184,347]
[1242,509]
[1259,85]
[1227,42]
[1120,83]
[1072,160]
[1160,95]
[985,472]
[864,249]
[936,354]
[933,220]
[1161,27]
[1108,20]
[982,96]
[652,412]
[592,312]
[676,332]
[791,195]
[727,329]
[836,214]
[854,69]
[399,18]
[194,8]
[641,91]
[165,111]
[377,51]
[92,92]
[105,147]
[218,123]
[135,312]
