282
201
294
284
227
296
243
159
194
69
197
109
137
129
85
347
180
461
238
383
329
442
273
474
130
503
88
387
64
489
41
200
71
113
67
346
95
210
144
43
318
14
546
13
407
18
718
48
670
88
180
57
257
85
335
313
356
106
400
420
418
275
406
176
619
152
918
89
958
56
809
72
658
115
797
44
993
10
1113
12
1151
157
905
184
1012
82
786
179
426
239
1270
181
1228
565
1267
378
1234
597
1149
532
1183
528
1205
396
1101
548
975
520
749
601
925
600
918
576
1076
610
769
626
713
596
1062
412
929
428
1015
368
1079
306
1146
323
1082
512
1211
266
1159
203
927
285
767
385
871
332
1119
256
1000
315
872
375
746
503
312
523
326
591
424
585
491
561
503
546
855
516
736
566
325
617
117
619
173
587
61
529
674
490
500
372
438
466
486
328
610
306
635
354
759
300
703
422
864
216
601
240
690
250
456
327
408
476
369
471
