[789,462]
[543,493]
[518,477]
[555,480]
[856,424]
[863,438]
[829,471]
[988,482]
[971,455]
[928,145]
[942,407]
[639,414]
[639,331]
[681,300]
[651,371]
[749,389]
[753,371]
[751,302]
[736,322]
[704,334]
[766,258]
[819,276]
[834,303]
[843,294]
[823,254]
[915,276]
[916,291]
[888,355]
[832,386]
[789,384]
[801,371]
[780,314]
[767,407]
[871,389]
[928,358]
[920,220]
[849,91]
[758,100]
[766,60]
[797,38]
[860,40]
[850,56]
[787,81]
[1029,81]
[1066,393]
[1024,186]
[954,143]
[957,261]
[985,349]
[995,246]
[1014,445]
[1128,377]
[1006,509]
[952,512]
[1123,555]
[863,516]
[829,503]
[576,518]
[981,543]
[1270,610]
[1278,565]
[1075,514]
[1107,469]
[1031,522]
[1130,415]
[1154,314]
[1127,317]
[1087,390]
[1069,272]
[1089,150]
[1110,151]
[1152,288]
[1223,136]
[1232,180]
[1200,455]
[1163,470]
[1184,443]
[1172,340]
[1159,414]
[1107,505]
[1268,471]
[1235,448]
[1253,322]
[1274,105]
[1256,39]
[1243,72]
[1125,10]
[1053,36]
[1159,95]
[1161,147]
[1184,183]
[995,14]
[758,2]
[582,42]
[699,84]
[891,208]
[684,236]
[588,286]
[537,266]
[490,295]
[488,399]
[538,331]
[756,246]
[647,296]
[596,339]
[574,390]
[584,446]
[431,469]
[408,585]
[271,574]
[364,566]
[121,447]
[398,550]
[419,371]
[435,325]
[486,257]
[341,303]
[153,399]
[230,391]
[208,436]
[372,448]
[259,406]
[325,397]
[352,383]
[338,426]
[389,341]
[388,482]
[101,431]
[112,325]
[174,381]
[216,306]
[252,343]
[256,319]
[317,245]
[502,208]
[486,242]
[709,200]
[380,171]
[406,132]
[229,132]
[222,168]
[299,162]
[253,220]
[166,168]
[259,91]
[335,62]
[341,46]
[204,94]
[284,47]
[359,26]
[416,45]
[379,38]
[314,98]
[355,92]
[608,138]
[803,213]
[650,72]
[573,70]
[622,83]
[625,101]
[343,7]
[206,14]
[182,28]
[99,3]
[40,60]
[8,108]
[65,68]
[193,40]
[36,189]
[33,213]
[35,280]
[53,223]
[164,223]
[163,199]
[98,166]
[105,144]
[252,232]
[449,198]
[18,298]
[12,609]
[63,620]
[66,553]
[152,619]
[167,605]
[108,516]
[136,547]
[240,612]
[503,625]
[665,623]
[289,591]
[583,600]
[825,594]
[684,586]
[589,555]
[631,546]
[897,585]
[1159,608]
[1164,596]
[1062,571]
[485,530]
