[1130,195]
[1096,305]
[1244,520]
[1143,353]
[1183,315]
[1192,244]
[1224,350]
[1226,263]
[1238,211]
[1271,572]
[1057,297]
[1087,194]
[1042,296]
[1086,389]
[1262,617]
[1114,469]
[1107,480]
[926,405]
[1000,270]
[918,343]
[872,453]
[550,361]
[754,324]
[777,301]
[818,350]
[1025,172]
[905,134]
[894,200]
[667,277]
[814,253]
[651,338]
[503,168]
[598,322]
[407,194]
[428,363]
[522,432]
[640,470]
[933,600]
[650,423]
[746,424]
[1018,584]
[1014,533]
[976,481]
[932,447]
[1206,567]
[1002,612]
[830,620]
[571,597]
[580,582]
[674,564]
[559,480]
[536,495]
[372,436]
[572,471]
[338,400]
[298,182]
[352,246]
[350,167]
[379,140]
[577,137]
[569,101]
[567,124]
[233,89]
[202,70]
[220,42]
[92,100]
[364,122]
[225,150]
[144,193]
[109,241]
[253,447]
[203,338]
[236,206]
[226,307]
[350,539]
[462,533]
[577,509]
[411,569]
[247,599]
[9,591]
[5,488]
[99,519]
[64,450]
[200,587]
[66,334]
[60,253]
[114,363]
[61,21]
[181,1]
[1029,7]
[1145,30]
[357,32]
[904,68]
[885,86]
[672,67]
[646,190]
[683,136]
[647,256]
[1034,42]
[1163,165]
