723
333
778
352
674
232
602
307
418
206
485
271
305
362
355
182
462
169
914
226
909
316
823
378
685
422
982
376
1026
345
948
363
1027
189
700
74
1139
155
941
67
633
50
613
88
824
140
937
176
977
232
799
181
515
127
452
133
282
166
265
198
223
321
222
418
189
288
189
151
143
42
58
31
141
26
1232
49
935
536
1254
83
1149
408
988
544
1165
457
1214
240
1269
251
1249
537
944
586
486
565
898
610
678
622
175
533
695
541
818
482
630
517
262
491
652
461
830
433
632
475
980
447
822
418
109
494
107
301
88
175
63
380
90
564
64
488
28
243
35
129
159
134
124
462
