[228,476]
[234,587]
[166,521]
[73,481]
[66,547]
[18,517]
[4,304]
[165,335]
[343,287]
[30,496]
[282,349]
[433,293]
[586,352]
[310,496]
[502,552]
[728,544]
[809,496]
[694,505]
[612,536]
[558,510]
[647,331]
[652,352]
[601,500]
[854,476]
[684,306]
[835,375]
[864,375]
[865,358]
[1021,415]
[989,520]
[927,471]
[753,367]
[975,541]
[1112,472]
[1019,373]
[916,281]
[568,85]
[429,204]
[442,106]
[244,229]
[742,220]
[121,272]
[154,235]
[64,193]
[53,78]
[123,10]
[316,10]
[188,204]
[173,259]
[366,105]
[303,83]
[569,27]
[695,41]
[1207,3]
[1269,127]
[1016,143]
[1096,299]
[1133,242]
[1212,467]
[942,131]
[994,140]
[1077,63]
[675,109]
[883,192]
[1041,362]
[1227,509]
[1168,628]
[1140,587]
[641,593]
[364,604]
