[419,182]
[462,171]
[429,170]
[337,223]
[406,155]
[317,159]
[211,143]
[262,145]
[248,122]
[413,134]
[351,140]
[779,165]
[611,117]
[940,192]
[850,85]
[813,82]
[817,104]
[755,83]
[600,59]
[695,93]
[381,38]
[659,49]
[924,85]
[1235,98]
[1026,140]
[1020,114]
[950,147]
[1252,165]
[1258,87]
[1123,77]
[1210,46]
[1112,41]
[1204,18]
[1026,11]
[855,22]
[1073,29]
[1026,86]
[606,30]
[117,6]
[258,31]
[372,74]
[279,69]
[411,102]
[529,105]
[529,93]
[468,97]
[459,83]
[403,88]
[412,66]
[558,86]
[540,142]
[423,124]
[184,66]
[181,43]
[160,23]
[58,26]
[183,143]
[295,229]
[359,253]
[366,243]
[454,238]
[363,263]
[248,274]
[158,198]
[301,261]
[131,145]
[36,60]
[2,105]
[4,581]
[18,295]
[46,146]
[50,202]
[119,246]
[75,191]
[60,146]
[154,242]
[324,328]
[452,348]
[335,296]
[513,279]
[421,275]
[434,250]
[636,261]
[553,306]
[461,329]
[695,313]
[558,343]
[716,324]
[611,367]
[819,311]
[803,303]
[812,292]
[750,287]
[614,313]
[692,253]
[679,239]
[376,207]
[541,200]
[1117,228]
[951,245]
[828,320]
[391,442]
[182,431]
[284,448]
[236,544]
[182,544]
[91,493]
[78,450]
[108,448]
[108,364]
[292,427]
[310,400]
[327,393]
[363,376]
[109,303]
[190,348]
[252,361]
[206,371]
[82,348]
[51,273]
[77,270]
[352,361]
[49,240]
[31,255]
[25,500]
[42,501]
[55,444]
[89,587]
[227,578]
[325,584]
[336,555]
[524,555]
[477,591]
[76,607]
[169,619]
[925,606]
[723,596]
[507,606]
[507,577]
[530,568]
[1150,591]
[1119,610]
[800,624]
[1190,625]
[1272,612]
[1255,596]
[1009,540]
[573,532]
[585,546]
[388,496]
[581,515]
[1196,515]
[1090,425]
[1051,417]
[906,433]
[955,435]
[963,465]
[1008,451]
[1010,464]
[966,475]
[774,458]
[1057,383]
[1274,565]
[1277,527]
[1216,425]
[1277,462]
[1262,440]
[1244,439]
[1212,403]
[1249,342]
[1274,346]
[1207,267]
[1160,274]
[1217,357]
[1186,450]
[1061,373]
[1009,374]
[535,463]
[875,424]
[517,477]
[957,498]
[1003,487]
[1032,473]
[1039,454]
[992,433]
[1100,458]
[1068,507]
[869,500]
[288,476]
[1111,337]
[1112,348]
[1195,372]
[1180,320]
[859,367]
[1074,319]
[938,320]
[901,333]
[876,351]
[422,440]
[1250,222]
