[129,424]
[164,387]
[164,332]
[30,460]
[18,438]
[22,345]
[74,338]
[244,268]
[478,272]
[544,294]
[466,343]
[256,306]
[274,315]
[216,419]
[429,421]
[723,345]
[712,335]
[780,296]
[564,380]
[607,339]
[478,379]
[706,283]
[768,273]
[980,351]
[1088,354]
[995,343]
[949,310]
[1127,333]
[1203,409]
[1079,411]
[869,320]
[957,504]
[1049,501]
[1029,483]
[1155,476]
[1021,547]
[785,507]
[923,522]
[834,332]
[793,393]
[814,429]
[742,520]
[392,485]
[599,481]
[596,439]
[763,387]
[734,441]
[802,362]
[321,491]
[532,538]
[958,592]
[1056,567]
[1161,524]
[1223,455]
[1256,395]
[1231,308]
[1212,330]
[1051,222]
[764,225]
[738,237]
[1038,245]
[23,255]
[687,150]
[597,155]
[741,67]
[797,28]
[666,37]
[468,110]
[450,92]
[40,236]
[18,186]
[91,137]
[320,128]
[391,80]
[141,47]
[9,105]
[28,52]
[64,38]
[944,13]
[1196,53]
[1277,107]
[1062,146]
[710,92]
[853,129]
[1152,173]
[657,190]
[554,206]
[1248,211]
[1271,340]
[1280,570]
[1248,550]
[1177,595]
[898,614]
[318,616]
[172,578]
[296,557]
[643,590]
[520,547]
[382,529]
[40,571]
