[119,559]
[128,436]
[87,483]
[51,508]
[115,395]
[74,367]
[124,216]
[58,353]
[30,321]
[57,295]
[76,212]
[105,169]
[104,247]
[117,160]
[194,213]
[210,242]
[215,303]
[173,437]
[205,281]
[183,353]
[164,280]
[163,566]
[259,599]
[842,605]
[511,623]
[1187,617]
[958,587]
[319,565]
[312,590]
[186,541]
[259,317]
[256,448]
[286,314]
[337,145]
[239,291]
[308,84]
[254,119]
[156,121]
[240,73]
[342,73]
[308,141]
[368,96]
[473,91]
[548,178]
[452,253]
[379,195]
[325,398]
[351,351]
[363,453]
[280,519]
[278,481]
[318,382]
[362,157]
[248,549]
[414,526]
[432,498]
[465,514]
[438,418]
[410,473]
[437,480]
[375,491]
[436,349]
[460,358]
[418,254]
[469,329]
[514,354]
[520,287]
[501,274]
[518,248]
[535,282]
[547,347]
[665,297]
[575,251]
[594,269]
[583,323]
[563,269]
[525,205]
[635,243]
[693,291]
[704,400]
[749,232]
[730,391]
[689,528]
[686,317]
[625,354]
[664,362]
[607,474]
[560,437]
[639,314]
[525,464]
[432,376]
[530,548]
[648,549]
[754,538]
[754,476]
[822,436]
[932,313]
[789,430]
[894,278]
[793,218]
[777,432]
[787,446]
[741,440]
[796,142]
[821,119]
[849,128]
[802,190]
[990,230]
[1064,210]
[883,189]
[907,124]
[1059,160]
[957,123]
[940,94]
[905,88]
[889,146]
[839,79]
[875,43]
[996,37]
[1012,55]
[1175,51]
[1127,90]
[1146,113]
[1122,117]
[1105,69]
[1109,177]
[1035,278]
[1020,271]
[1011,244]
[898,223]
[875,261]
[1025,290]
[922,415]
[1076,264]
[961,452]
[985,462]
[894,477]
[903,353]
[804,541]
[1004,499]
[1032,467]
[1048,437]
[1008,401]
[1159,427]
[1132,377]
[1073,345]
[1081,314]
[1222,262]
[1241,172]
[1248,360]
[1210,373]
[1235,405]
[1195,436]
[971,536]
[900,542]
[1051,591]
[1193,535]
[1154,495]
[1228,501]
[1177,575]
[1251,548]
[1262,483]
[1271,137]
[1246,48]
[1208,236]
[1211,148]
[1177,226]
[1201,215]
[1195,231]
[1044,323]
[1216,92]
[1218,16]
[713,7]
[610,16]
[515,92]
[521,104]
[558,99]
[630,34]
[632,127]
[646,146]
[646,47]
[884,29]
[664,94]
[660,152]
[680,136]
[738,193]
[710,276]
[446,55]
[257,2]
[141,32]
[141,20]
[42,88]
[21,160]
[222,24]
[73,146]
[38,200]
[5,382]
[18,382]
[28,507]
[80,608]
