45
175
468
208
289
202
191
210
290
221
260
361
205
398
26
190
27
501
126
455
485
548
299
319
724
431
844
400
970
303
708
296
626
280
622
339
653
319
649
373
453
244
546
337
293
294
449
230
916
161
556
260
818
256
1064
263
1038
365
1061
395
1001
471
818
504
686
459
758
450
640
425
511
420
636
485
594
490
452
451
535
608
945
627
824
564
610
526
810
547
894
550
1102
544
1264
368
1208
102
1223
79
948
41
1201
277
1240
352
1183
382
1166
340
1063
225
906
112
788
130
460
58
746
66
539
31
384
64
267
48
68
58
104
74
727
159
219
115
166
123
382
147
63
147
540
175
