[1240,377]
[1273,121]
[778,99]
[1093,179]
[1253,146]
[1054,353]
[955,306]
[1091,243]
[618,395]
[882,284]
[738,294]
[905,204]
[855,139]
[433,217]
[334,180]
[620,152]
[649,131]
[373,122]
[730,63]
[1259,91]
[753,1]
[54,108]
[4,446]
[51,567]
[82,588]
[109,428]
[195,319]
[411,365]
[250,307]
[263,255]
[852,166]
[388,295]
[887,544]
[175,387]
[159,479]
[283,515]
[303,480]
[597,602]
[687,621]
[905,603]
[906,386]
[1061,472]
[1005,585]
[1158,562]
[1086,549]
[1175,544]
[1112,454]
[1022,383]
[1030,435]
[910,367]
