[749,327]
[786,344]
[588,300]
[617,215]
[472,174]
[503,244]
[699,403]
[783,440]
[815,445]
[922,406]
[825,395]
[927,372]
[980,396]
[1184,581]
[993,449]
[936,392]
[1001,578]
[1267,609]
[607,628]
[477,597]
[849,540]
[557,516]
[958,498]
[641,489]
[390,323]
[738,443]
[313,283]
[350,361]
[468,526]
[407,543]
[606,544]
[256,564]
[11,500]
[85,437]
[146,462]
[101,342]
[387,428]
[145,222]
[573,106]
[282,101]
[867,72]
[724,44]
[154,94]
[238,71]
[336,30]
[735,19]
[1085,56]
[933,133]
[747,154]
[800,120]
[665,177]
[920,175]
[994,139]
[1169,14]
[1240,205]
[1192,199]
[1168,94]
[1008,308]
[990,246]
[935,269]
[996,188]
[859,229]
[1157,480]
[1136,234]
[1200,433]
[1144,148]
[1234,395]
[1218,472]
[1173,502]
[577,134]
