[1228,99]
[1196,77]
[1274,97]
[1276,217]
[1232,192]
[867,100]
[891,94]
[859,49]
[1121,107]
[1078,109]
[1153,141]
[1223,123]
[1144,84]
[888,35]
[624,42]
[781,44]
[771,58]
[486,53]
[944,123]
[788,140]
[674,103]
[672,114]
[617,120]
[535,95]
[678,89]
[438,62]
[401,84]
[526,119]
[942,183]
[1043,151]
[1193,202]
[1107,245]
[1278,275]
[1253,363]
[1194,283]
[1047,254]
[1046,237]
[992,235]
[941,246]
[983,271]
[1092,290]
[1155,285]
[1163,313]
[845,260]
[773,227]
[907,240]
[472,157]
[1120,224]
[545,136]
[424,128]
[306,160]
[324,194]
[350,208]
[561,180]
[899,315]
[1005,342]
[850,285]
[1151,373]
[1186,348]
[1064,331]
[887,282]
[1238,347]
[1201,392]
[913,370]
[570,242]
[856,322]
[986,356]
[664,251]
[513,191]
[553,285]
[486,246]
[442,242]
[487,283]
[650,357]
[726,364]
[538,240]
[1002,424]
[1063,410]
[1274,429]
[1272,568]
[1182,564]
[1175,552]
[1077,568]
[1271,587]
[1087,617]
[940,571]
[891,537]
[1120,524]
[1109,495]
[781,540]
[542,584]
[719,611]
[918,606]
[809,599]
[791,586]
[714,599]
[671,584]
[786,573]
[992,590]
[900,629]
[753,620]
[547,624]
[91,604]
[202,597]
[84,552]
[250,601]
[244,563]
[284,582]
[569,611]
[329,560]
[451,535]
[481,515]
[482,503]
[390,502]
[158,549]
[216,548]
[177,571]
[134,549]
[212,432]
[190,427]
[289,405]
[179,511]
[278,447]
[344,449]
[366,439]
[340,424]
[358,416]
[407,434]
[195,520]
[386,484]
[698,474]
[996,484]
[755,496]
[756,513]
[696,525]
[670,518]
[656,494]
[625,524]
[469,580]
[1010,493]
[1034,475]
[913,458]
[425,466]
[866,405]
[881,419]
[805,425]
[1048,458]
[874,384]
[593,384]
[579,427]
[437,404]
[518,409]
[462,336]
[249,387]
[152,423]
[107,454]
[34,582]
[78,239]
[71,178]
[124,235]
[139,271]
[125,260]
[111,278]
[106,234]
[79,282]
[105,360]
[219,135]
[106,148]
[142,176]
[179,192]
[140,192]
[20,147]
[21,214]
[38,288]
[12,557]
[9,69]
[225,1]
[246,221]
[287,268]
[344,279]
[334,296]
[296,302]
[184,265]
[172,242]
[162,269]
[124,371]
[226,291]
[160,362]
[98,397]
[490,313]
[633,380]
[258,174]
[254,46]
[566,8]
[1089,1]
[1054,12]
[613,26]
[1068,22]
[1115,48]
[1044,36]
