331
598
579
508
290
577
337
522
480
443
445
530
604
471
407
337
328
266
277
463
305
222
238
163
226
240
185
211
150
404
230
585
78
531
13
280
24
173
139
1
32
295
121
269
171
83
553
308
568
361
627
483
654
478
505
204
699
379
711
447
776
380
587
272
488
38
403
44
281
126
148
51
277
23
477
22
692
201
553
39
800
138
1127
112
1021
21
737
50
866
1
1207
17
1079
280
780
339
728
271
1057
278
979
226
984
212
804
191
598
248
816
390
1203
399
1082
310
1176
249
1265
567
1089
598
1234
488
1112
498
970
544
496
622
456
599
1187
457
534
563
1113
410
732
487
338
604
