[454,135]
[268,331]
[233,301]
[278,214]
[179,325]
[206,343]
[166,333]
[169,345]
[198,365]
[241,328]
[251,333]
[152,445]
[118,380]
[140,397]
[139,315]
[167,305]
[42,269]
[43,242]
[269,175]
[241,148]
[267,105]
[109,66]
[354,71]
[439,27]
[265,208]
[470,82]
[654,37]
[545,69]
[791,57]
[781,69]
[936,63]
[958,46]
[699,48]
[960,34]
[1170,97]
[1135,155]
[934,113]
[1052,124]
[1019,86]
[828,108]
[993,146]
[841,126]
[777,108]
[813,91]
[492,122]
[1270,554]
[1251,295]
[1239,335]
[1232,487]
[957,370]
[893,329]
[1128,423]
[1070,395]
[584,152]
[901,177]
[766,182]
[817,209]
[997,260]
[868,212]
[939,168]
[887,152]
[1192,180]
[1130,281]
[1186,299]
[1209,266]
[1184,255]
[1236,124]
[1243,163]
[1208,314]
[1164,354]
[1130,338]
[1098,285]
[1103,246]
[1111,232]
[1035,236]
[1150,212]
[1026,207]
[1030,174]
[929,208]
[1060,281]
[1079,341]
[681,187]
[1112,389]
[1232,414]
[1200,356]
[1272,230]
[1264,70]
[1166,7]
[1138,8]
[1129,36]
[773,4]
[643,4]
[761,17]
[428,13]
[1,39]
[44,54]
[58,130]
[21,195]
[203,108]
[3,239]
[1,347]
[69,317]
[1,436]
[45,530]
[77,377]
[35,433]
[89,295]
[104,292]
[38,620]
[128,617]
[301,353]
[266,380]
[127,590]
[81,585]
[434,162]
[488,275]
[546,274]
[570,281]
[553,249]
[458,166]
[589,231]
[700,335]
[608,299]
[533,313]
[448,310]
[505,305]
[428,249]
[176,580]
[285,596]
[237,569]
[324,567]
[393,584]
[337,590]
[272,624]
[927,624]
[739,607]
[660,586]
[559,584]
[627,610]
[578,619]
[484,577]
[472,596]
[242,499]
[396,521]
[386,455]
[350,443]
[313,458]
[308,428]
[467,340]
[506,366]
[326,435]
[456,407]
[526,444]
[490,489]
[459,492]
[476,455]
[428,442]
[435,498]
[575,526]
[592,512]
[585,379]
[629,418]
[657,393]
[440,319]
[487,330]
[697,367]
[730,329]
[662,274]
[725,299]
[839,387]
[777,355]
[784,378]
[609,465]
[637,479]
[666,463]
[742,524]
[645,537]
[354,539]
[907,597]
[1009,573]
[1093,575]
[1081,599]
[1006,630]
[1238,611]
[1195,593]
[1183,608]
[1179,597]
[1069,498]
[984,467]
[769,452]
[763,463]
[938,479]
[783,482]
[882,500]
[797,567]
[703,469]
[657,448]
[754,433]
[1006,442]
[1233,549]
