91
170
158
52
77
53
42
134
16
236
100
402
126
391
128
314
262
380
173
236
274
318
296
385
322
498
318
546
129
594
113
560
221
444
235
459
264
410
177
364
93
460
34
327
11
354
9
428
83
566
137
621
743
574
661
572
760
527
603
553
482
474
413
353
928
560
1011
567
747
605
1271
623
1276
575
1144
494
1181
582
1061
503
945
552
446
329
396
259
314
292
368
313
378
474
253
211
710
240
516
212
654
169
537
194
445
192
550
150
663
148
751
171
700
176
659
197
808
222
675
283
561
258
640
271
628
247
439
232
697
416
765
424
825
381
709
363
683
371
747
275
932
328
903
282
988
327
1003
300
893
203
1061
227
1152
313
1167
420
847
445
951
369
871
355
796
441
741
455
1214
481
1280
404
1262
58
1219
465
1220
150
1248
124
1204
75
1059
17
528
9
1044
53
880
53
991
78
1110
234
940
133
513
58
366
47
688
108
151
82
