[1252,361]
[544,287]
[329,209]
[626,249]
[465,201]
[992,281]
[956,309]
[1192,306]
[1186,275]
[1111,101]
[1041,190]
[704,117]
[631,117]
[590,150]
[589,169]
[567,186]
[384,139]
[282,62]
[880,60]
[906,120]
[869,129]
[983,165]
[1068,110]
[1073,6]
[921,1]
[484,3]
[707,13]
[890,30]
[253,24]
[189,39]
[34,127]
[43,532]
[63,497]
[75,177]
[98,123]
[144,371]
[139,530]
[66,626]
[218,572]
[188,550]
[162,458]
[233,394]
[319,548]
[344,623]
[432,407]
[371,487]
[356,375]
[158,129]
[478,390]
[481,423]
[601,568]
[573,625]
[1095,620]
[1056,587]
[655,615]
[697,433]
[565,360]
[490,335]
[424,268]
[777,398]
[970,385]
[893,493]
[822,439]
[820,533]
[1238,601]
[1280,475]
[1052,465]
[998,533]
[1029,377]
[606,322]
