411
482
401
534
408
596
481
551
1109
604
528
628
524
578
514
610
1
630
97
511
150
536
104
602
295
475
744
465
1015
429
799
373
1064
353
1095
277
1050
254
687
302
770
422
434
193
738
204
666
243
957
210
931
185
630
184
504
127
274
264
223
281
433
45
84
386
164
380
233
319
207
307
313
263
496
328
265
407
637
341
682
409
402
436
3
420
23
149
76
225
41
340
257
53
327
19
615
39
375
9
1271
5
1084
16
904
96
457
82
438
128
549
105
1073
119
1075
71
1259
116
1033
146
551
115
1174
194
1227
310
972
540
1147
436
1173
406
1219
511
1177
435
1095
575
1057
590
931
584
