1150
117
1188
141
1226
52
1071
172
1190
231
834
114
1030
224
1150
256
1160
290
675
176
402
390
709
345
566
314
599
270
951
357
641
434
606
370
473
403
518
408
688
498
455
420
745
539
808
496
681
488
1050
403
633
459
1037
342
877
234
925
256
1124
365
1080
439
1077
384
1046
569
1007
520
901
531
982
466
1007
489
1055
475
1033
451
913
453
799
559
724
559
428
514
347
347
359
530
233
456
335
333
157
392
347
140
212
364
326
211
414
135
449
160
436
191
464
234
398
323
462
330
515
212
525
289
564
54
652
108
634
71
599
56
914
27
864
83
581
177
626
178
987
57
913
2
178
31
460
8
94
2
175
80
138
71
65
135
72
97
34
153
81
382
141
293
221
246
85
270
432
30
191
305
5
558
129
494
155
539
256
570
235
507
168
417
395
628
668
628
505
611
420
524
889
625
1270
587
1120
582
1201
502
1251
299
1250
252
1176
174
