[668,50]
[543,145]
[590,154]
[665,104]
[830,19]
[873,27]
[877,75]
[800,120]
[499,202]
[586,212]
[538,287]
[793,179]
[829,226]
[890,218]
[836,392]
[787,259]
[372,342]
[282,154]
[191,179]
[167,225]
[316,389]
[467,394]
[587,367]
[521,317]
[684,408]
[510,472]
[436,482]
[874,486]
[827,466]
[681,466]
[1105,399]
[1146,293]
[1102,188]
[1026,370]
[1009,245]
[806,151]
[982,16]
[1066,78]
[1230,379]
[1149,164]
[1224,216]
[1266,326]
[1247,436]
[1069,577]
[863,580]
[634,561]
[866,498]
[441,511]
[247,458]
[210,372]
[142,297]
[98,367]
[156,582]
[535,595]
[206,490]
[661,611]
[117,617]
[37,466]
[76,307]
[158,78]
[49,342]
[6,87]
[70,18]
[264,13]
[476,85]
[343,98]
[177,42]
[527,241]
[454,192]
[553,84]
