[566,438]
[594,377]
[626,380]
[973,332]
[975,316]
[787,342]
[878,301]
[580,361]
[364,336]
[831,282]
[996,279]
[1035,299]
[1036,352]
[979,344]
[889,356]
[908,370]
[979,373]
[994,378]
[1087,343]
[1132,283]
[1192,345]
[1145,237]
[771,278]
[1180,172]
[1071,162]
[1127,152]
[1042,151]
[1060,190]
[991,209]
[946,197]
[1027,185]
[926,146]
[861,148]
[767,200]
[775,212]
[956,167]
[776,252]
[687,262]
[665,250]
[728,180]
[720,88]
[693,145]
[591,122]
[488,88]
[447,57]
[669,84]
[886,59]
[1040,62]
[875,83]
[987,90]
[812,113]
[741,80]
[794,150]
[1087,92]
[1141,111]
[1228,175]
[1218,188]
[1219,467]
[1199,474]
[1173,343]
[1108,386]
[1041,399]
[903,381]
[876,503]
[922,475]
[965,497]
[1016,485]
[1040,458]
[1113,456]
[1132,444]
[988,431]
[1168,416]
[1175,430]
[1171,487]
[1140,534]
[1025,542]
[1160,472]
[932,546]
[799,509]
[729,427]
[770,438]
[805,428]
[714,415]
[775,385]
[875,414]
[781,370]
[566,453]
[440,441]
[582,483]
[399,444]
[437,427]
[368,407]
[369,440]
[306,406]
[228,379]
[125,433]
[234,391]
[128,451]
[302,607]
[204,580]
[169,586]
[73,494]
[215,570]
[55,426]
[84,349]
[131,372]
[20,260]
[74,119]
[51,145]
[29,99]
[41,82]
[85,124]
[111,118]
[79,84]
[254,158]
[320,204]
[288,210]
[163,173]
[99,165]
[50,215]
[63,242]
[90,243]
[87,253]
[107,250]
[140,234]
[113,232]
[91,185]
[406,245]
[487,167]
[520,225]
[623,204]
[497,124]
[242,75]
[249,111]
[492,140]
[368,146]
[276,168]
[222,91]
[12,41]
[1,534]
[15,565]
[66,548]
[32,553]
[18,452]
[161,621]
[256,626]
[530,627]
[332,605]
[676,616]
[624,602]
[705,602]
[660,564]
[596,550]
[469,545]
[566,558]
[521,600]
[265,530]
[313,530]
[528,575]
[334,501]
[309,504]
[296,519]
[215,519]
[367,476]
[1020,617]
[689,560]
[749,597]
[1038,629]
[1106,611]
[959,591]
[437,476]
[1101,589]
[1197,575]
[1234,552]
[1248,478]
[1270,248]
[1231,455]
[1265,6]
[696,1]
[750,16]
[600,22]
[967,31]
[1208,10]
[1216,50]
[1101,36]
[1192,118]
[1025,45]
[578,31]
[672,58]
[80,24]
[700,160]
[605,303]
[318,315]
[401,294]
[237,246]
[194,299]
[408,369]
[144,301]
[220,222]
[82,315]
