870
27
575
63
641
5
867
3
923
84
1217
36
1083
121
1050
73
840
145
1041
103
1070
218
1091
161
1116
121
1260
131
879
407
1117
293
1089
390
795
509
662
540
1053
251
929
226
986
127
561
223
561
252
717
208
589
295
682
347
748
340
745
396
313
437
363
419
524
307
139
481
569
418
593
450
446
518
451
587
855
585
794
573
1085
480
1233
386
819
517
1142
387
1270
243
1258
470
1185
552
1165
542
1074
547
1034
580
788
602
337
623
377
569
121
614
67
449
123
434
164
334
163
200
37
463
26
70
144
141
225
21
340
213
334
21
403
61
350
217
242
373
245
76
200
442
591
20
430
240
