[1115,556]
[1194,605]
[1222,539]
[1268,621]
[1018,629]
[1013,574]
[1087,600]
[1165,615]
[1090,547]
[1093,521]
[1073,516]
[1075,451]
[810,578]
[810,596]
[1007,487]
[846,592]
[874,606]
[902,603]
[962,547]
[964,624]
[665,610]
[518,556]
[778,525]
[625,536]
[914,414]
[618,527]
[939,369]
[984,361]
[893,450]
[946,472]
[898,487]
[770,487]
[940,512]
[1029,458]
[1050,311]
[458,565]
[486,525]
[346,627]
[468,520]
[625,450]
[689,454]
[607,419]
[649,388]
[571,380]
[622,285]
[444,497]
[590,399]
[546,464]
[456,506]
[409,550]
[410,521]
[605,285]
[620,223]
[316,521]
[446,386]
[573,231]
[256,560]
[292,569]
[392,479]
[575,280]
[289,629]
[209,596]
[308,476]
[618,167]
[702,380]
[677,268]
[681,237]
[721,236]
[723,366]
[821,402]
[912,357]
[1035,279]
[1046,254]
[1013,260]
[839,389]
[903,323]
[1002,204]
[916,102]
[970,212]
[924,246]
[840,371]
[741,337]
[847,341]
[895,266]
[847,302]
[847,219]
[885,169]
[920,172]
[894,75]
[1058,53]
[1018,97]
[1150,149]
[1123,37]
[1061,19]
[466,49]
[680,54]
[762,204]
[798,204]
[773,160]
[879,84]
[822,250]
[549,105]
[550,84]
[376,143]
[487,138]
[421,149]
[447,189]
[291,235]
[289,267]
[464,194]
[494,168]
[466,170]
[453,164]
[541,133]
[469,212]
[316,306]
[214,335]
[198,354]
[187,436]
[183,224]
[162,217]
[168,446]
[157,443]
[113,167]
[131,193]
[214,226]
[193,144]
[222,113]
[274,103]
[234,126]
[348,124]
[315,132]
[193,282]
[400,90]
[260,36]
[213,84]
[289,74]
[124,130]
[64,205]
[28,463]
[88,596]
[67,254]
[83,355]
[117,470]
[135,452]
[153,535]
[252,477]
[437,289]
[324,371]
[294,354]
[263,433]
[260,375]
[209,380]
[449,245]
[526,229]
[145,613]
[40,628]
[24,568]
[30,499]
[3,437]
[3,44]
[11,140]
[56,5]
[101,13]
[31,131]
[45,206]
[51,153]
[86,79]
[127,41]
[114,79]
[245,20]
[392,8]
[639,6]
[582,19]
[320,34]
[317,45]
[1112,7]
[1185,25]
[1148,112]
[1219,59]
[1104,248]
[1136,261]
[1179,324]
[1171,335]
[944,90]
[1190,437]
[1217,450]
[1223,334]
[1165,365]
[1198,314]
[1143,200]
[1255,248]
[1263,167]
[1279,326]
[1269,395]
[1235,247]
[1255,421]
[1248,505]
[1105,383]
[1076,300]
