845
335
1014
256
832
275
779
189
901
105
1029
259
934
489
1005
429
1069
357
1139
235
1141
212
1040
285
1041
77
455
94
413
83
427
52
668
26
21
44
1
24
543
2
1132
49
1072
78
1186
113
1183
410
1225
255
1237
558
1222
449
1130
583
1040
566
1119
542
1152
300
966
628
802
569
817
460
810
393
678
438
617
394
613
348
682
390
760
349
837
388
630
193
477
148
313
212
597
237
229
295
159
324
85
434
129
433
328
326
539
260
395
365
192
458
196
467
527
402
537
380
514
392
531
339
694
521
472
565
351
579
93
570
51
544
339
513
14
439
54
208
317
266
131
116
142
86
702
128
