522
532
697
329
609
383
587
281
567
279
412
412
491
403
252
535
211
530
181
505
406
392
357
320
254
277
232
182
413
313
647
218
573
186
308
230
504
6
304
15
24
3
140
229
139
121
362
18
107
281
70
362
104
373
40
522
36
597
249
595
109
616
303
607
342
590
118
556
746
544
956
612
1033
592
1036
507
1149
461
1101
497
1064
605
1148
608
1275
425
1156
551
1183
421
1050
379
926
382
904
466
989
400
889
560
651
447
776
412
826
452
769
149
1261
383
1251
299
1077
175
1247
236
1010
131
1083
91
957
35
958
132
1040
150
1110
263
962
195
731
72
496
42
749
236
465
65
784
303
