240
230
485
231
186
302
121
278
195
320
491
281
547
232
519
93
387
86
261
98
277
196
30
271
112
182
51
222
20
22
43
12
628
6
679
49
247
63
923
94
946
20
958
137
765
276
821
154
668
109
523
82
737
198
696
226
718
325
912
216
1062
43
985
14
1227
37
1251
206
1003
286
985
278
1121
128
1152
72
828
272
1066
329
1202
233
1178
378
1082
420
1032
449
852
455
920
335
709
386
568
451
768
479
1169
463
1224
629
1038
575
578
568
746
590
852
619
790
626
612
623
252
585
140
456
253
549
263
533
967
547
213
504
289
423
461
425
459
482
529
325
671
172
381
414
34
295
