427
430
449
485
528
473
525
535
598
567
419
531
379
483
576
136
465
204
287
347
313
350
239
444
198
393
247
511
280
486
296
519
334
540
616
603
847
599
728
520
647
551
645
564
564
489
767
514
1030
590
806
618
476
613
20
574
11
561
117
546
31
519
42
499
215
540
14
406
93
442
54
373
9
167
21
114
63
149
435
141
367
179
297
202
47
212
274
385
212
254
621
98
621
174
773
165
733
114
622
73
495
74
477
115
218
103
184
73
157
23
333
1
789
20
233
29
174
43
827
37
1096
52
975
113
957
81
906
97
877
98
819
62
818
168
1102
99
1163
112
1211
184
1273
463
1256
439
1240
483
1056
130
976
189
1071
204
1025
224
634
283
506
292
519
320
652
317
964
333
1146
323
931
354
997
434
1112
468
1035
404
966
378
1170
395
1154
536
1030
523
826
472
1073
503
984
478
784
394
866
332
556
380
670
431
787
495
957
541
