[656,231]
[775,299]
[953,316]
[1038,287]
[1019,390]
[825,412]
[354,229]
[821,339]
[759,313]
[436,234]
[258,167]
[283,123]
[394,101]
[673,207]
[290,35]
[142,15]
[36,79]
[104,178]
[83,127]
[883,465]
[1037,513]
[882,508]
[823,471]
[139,168]
[56,395]
[25,423]
[33,501]
[280,276]
[434,346]
[616,383]
[276,414]
[436,591]
[279,437]
[288,497]
[113,511]
[185,468]
[235,342]
[18,589]
[46,582]
[320,611]
[848,611]
[880,591]
[710,592]
[597,539]
[551,533]
[579,499]
[457,405]
[1104,629]
[1270,562]
[1168,359]
[1146,250]
[1130,292]
[1055,234]
[984,105]
[662,100]
[1026,87]
[1260,121]
[1236,208]
[1275,113]
[1124,45]
[721,11]
[873,54]
[558,50]
[589,37]
[715,34]
[421,11]
[604,143]
[838,217]
[1019,197]
[862,275]
