572
373
678
554
705
527
816
518
837
494
822
377
795
436
626
444
795
410
683
415
649
429
669
380
827
264
954
197
876
316
742
354
909
338
946
348
842
526
723
562
1034
587
1036
502
851
540
929
465
1128
180
1010
152
678
294
786
186
373
408
724
119
853
189
967
153
888
103
953
70
375
170
977
45
965
32
413
47
477
58
216
97
194
113
619
96
281
170
225
195
329
277
417
224
218
555
292
622
29
613
195
423
43
263
176
311
304
402
153
209
17
12
86
23
83
71
238
35
884
4
1014
15
1109
33
1267
276
1252
467
1171
521
1181
349
1135
462
1095
596
709
627
604
575
501
481
