[592,155]
[294,161]
[309,132]
[447,136]
[558,129]
[594,96]
[547,90]
[131,115]
[118,183]
[193,176]
[97,296]
[74,299]
[123,239]
[97,186]
[59,303]
[51,463]
[1,284]
[13,217]
[33,336]
[84,54]
[57,70]
[28,238]
[31,51]
[97,47]
[48,10]
[501,3]
[569,28]
[175,30]
[76,114]
[152,97]
[285,99]
[505,58]
[219,76]
[226,61]
[381,35]
[520,37]
[754,66]
[651,65]
[670,88]
[611,134]
[734,110]
[869,22]
[944,58]
[951,15]
[1008,9]
[1273,21]
[1247,40]
[1212,51]
[1175,132]
[1036,130]
[1103,68]
[817,196]
[782,180]
[929,60]
[185,332]
[429,214]
[206,298]
[153,344]
[117,453]
[225,343]
[284,322]
[312,323]
[253,369]
[387,321]
[415,256]
[496,252]
[590,284]
[718,274]
[613,275]
[606,260]
[727,255]
[778,289]
[545,297]
[414,286]
[477,361]
[488,307]
[699,329]
[621,347]
[691,349]
[628,358]
[521,392]
[638,370]
[786,358]
[739,390]
[553,437]
[671,440]
[754,414]
[934,293]
[962,317]
[941,318]
[674,480]
[803,463]
[813,500]
[900,412]
[923,417]
[986,381]
[940,380]
[770,430]
[988,347]
[959,260]
[808,323]
[863,289]
[891,228]
[829,218]
[509,227]
[911,201]
[1075,298]
[1010,288]
[1105,319]
[1118,355]
[1106,386]
[1123,405]
[1115,435]
[901,467]
[1027,410]
[1051,428]
[1069,404]
[1085,342]
[856,465]
[930,515]
[856,535]
[910,565]
[968,497]
[1033,485]
[1127,442]
[1219,343]
[1174,377]
[1200,288]
[1200,205]
[1011,176]
[1129,205]
[1115,210]
[1132,257]
[1171,297]
[1135,322]
[900,168]
[1265,152]
[1276,470]
[1214,182]
[1233,472]
[1248,364]
[1277,602]
[1215,476]
[1249,593]
[1220,602]
[1131,582]
[1196,547]
[1194,592]
[1218,544]
[1178,524]
[1125,540]
[1066,630]
[931,628]
[1066,528]
[1096,546]
[1155,457]
[1182,430]
[905,592]
[600,500]
[552,495]
[521,462]
[494,466]
[451,413]
[595,487]
[499,423]
[495,382]
[600,329]
[494,368]
[266,513]
[349,503]
[445,516]
[356,482]
[660,540]
[388,559]
[201,520]
[225,472]
[176,505]
[209,421]
[226,409]
[288,478]
[447,356]
[200,400]
[78,526]
[180,601]
[341,597]
[265,581]
[229,565]
[568,582]
[668,577]
[643,570]
[716,560]
[675,604]
[611,629]
[383,620]
[129,621]
[46,607]
[88,439]
[119,376]
[196,261]
[300,192]
