838
606
569
527
423
557
882
615
865
512
899
617
1032
579
942
509
779
475
534
485
963
399
862
399
461
438
497
455
96
465
909
351
1188
516
1075
388
1231
527
1147
536
1140
497
958
432
814
442
1205
586
1273
597
1182
246
1134
222
1278
223
1173
148
1256
105
1204
52
965
85
1180
166
1002
128
890
263
1103
171
1101
187
1139
193
994
222
1194
327
1187
390
1042
310
933
306
607
345
602
358
256
352
575
325
356
318
340
294
550
77
492
219
591
244
514
178
594
76
737
47
910
53
721
153
796
192
876
106
856
178
796
247
724
215
695
150
694
227
625
220
732
295
719
325
821
263
945
43
526
12
158
105
138
224
93
287
59
77
350
15
99
8
16
58
104
20
45
67
10
132
60
228
75
217
63
300
26
378
126
377
259
269
330
153
298
157
384
57
378
217
46
463
29
546
125
553
262
574
35
584
389
589
104
621
575
605
62
518
678
494
